43.64316,-79.38029,0
43.643150000000006,-79.38041000000001,-94.76364168848006
43.64314,-79.38053000000001,-94.76364169241079
43.643103333333336,-79.38069,-102.90740867166876
43.64306666666667,-79.38085000000001,-102.90740867056074
43.64303,-79.38101,-102.90740867166876
43.643010000000004,-79.381105,-101.88865803898005
43.642990000000005,-79.3812,-101.88865803898005
43.64296,-79.38134500000001,-101.6893691760891
43.64293000000001,-79.38149,-101.68936917451079
43.64280666666667,-79.38144333333334,159.27444113631245
43.64268333333334,-79.38139666666667,159.27444113631245
43.64256,-79.38135000000001,159.27444113631245
43.642495000000004,-79.381325,158.96248896828266
43.642430000000004,-79.38130000000001,158.9624889791949
43.64231,-79.38125000000001,157.38013505171867
43.642206,-79.38120400000001,156.13982480985393
43.642102,-79.38115800000001,156.13982480985393
43.641998,-79.381112,156.1398248033059
43.641894,-79.381066,156.13982480985393
43.64179,-79.38102,156.13982480985393
43.6417,-79.38098500000001,158.74949449461306
43.64161000000001,-79.38095000000001,158.74949449308505
43.64154500000001,-79.38092,155.2248594240188
43.64148,-79.38089000000001,155.22485943672862
43.641405000000006,-79.38086000000001,158.19859051551998
43.64133,-79.38083,158.19859050803288
43.641255,-79.380795,154.98310652457442
43.641180000000006,-79.38076000000001,154.98310652249432
43.64109500000001,-79.38072500000001,157.6198649494858
43.64101,-79.38069,157.61986494298165
43.641040000000004,-79.38055,77.90524292219354
43.64109500000001,-79.380395,70.46334506157062
43.64115,-79.38024,70.46334506224787
43.641200000000005,-79.38009000000001,71.56505117544955
43.64125,-79.379965,68.19859051757892
43.6413,-79.37984,68.19859051252512
43.64134000000001,-79.37971,72.89727102852697
43.64137000000001,-79.379625,70.5599651700701
43.641400000000004,-79.37954,70.55996517432911
43.641443333333335,-79.37941000000001,71.56505117801748
43.64148666666667,-79.37928000000001,71.56505117519902
43.64153,-79.37915000000001,71.56505117801748
43.641580000000005,-79.37899750000001,71.84729411263756
43.641630000000006,-79.37884500000001,71.84729411263756
43.64168,-79.3786925,71.84729411662866
43.64173,-79.37854,71.84729411263756
43.64178750000001,-79.3783825,69.94390526215744
43.641845,-79.378225,69.94390526443829
43.6419025,-79.3780675,69.94390526443829
43.641960000000005,-79.37791,69.94390526215744
43.64201,-79.37776,71.56505117952065
43.64206,-79.37761,71.56505117544955
43.642100000000006,-79.37746000000001,75.0685828189907
43.64213000000001,-79.37737000000001,71.56505117572097
43.642160000000004,-79.37728000000001,71.56505117979206
43.642195,-79.37714000000001,75.96375653344197
43.642230000000005,-79.37700000000001,75.96375653070508
43.64228,-79.37684000000002,72.64597536489771
43.64233,-79.37668000000001,72.64597536402844
43.64238,-79.37655000000001,68.96248897373879
43.64241,-79.37646000000001,71.56505117979206
43.64244,-79.37637000000001,71.56505117572097
43.642500000000005,-79.37622,68.1985905127123
43.64256,-79.37608,66.80140948740468
43.64264,-79.37597000000001,53.97262661401616
43.642695,-79.3759,51.84277341417205
43.64275000000001,-79.37583000000001,51.8427734085213
43.642815000000006,-79.375765,45.000000003131625
43.642880000000005,-79.37570000000001,44.99999999686838
43.642990000000005,-79.37562000000001,36.027373384223374
43.64309,-79.37557000000001,26.565051178706437
43.643185,-79.37553500000001,20.224859429182175
43.643280000000004,-79.3755,20.22485943672862
43.643365,-79.37547,19.440034825670892
43.64345,-79.37544000000001,19.440034825670892
43.64356,-79.37540000000001,19.98310652130566
43.64367000000001,-79.37536,19.98310652665456
43.64378000000001,-79.37532,19.98310652130566
43.643860000000004,-79.375275,29.357753543757713
43.64394,-79.37523,29.357753543757713
43.644040000000004,-79.37516000000001,34.99202019527991
43.64415,-79.37506,42.27368900719902
43.64421,-79.374975,54.78240703237141
43.644270000000006,-79.37489000000001,54.78240702917469
43.644315000000006,-79.37480000000001,63.43494882292201
43.644360000000006,-79.37471000000001,63.43494882292201
43.64441000000001,-79.37456,71.56505117707799
43.64446,-79.37441000000001,71.56505117789222
43.64450000000001,-79.37429500000002,70.82099197075665
43.644540000000006,-79.37418000000001,70.82099197611157
43.64457,-79.37407000000002,74.74488129819487
43.644600000000004,-79.37396000000001,74.74488129662906
43.64465,-79.373795,73.14160123493242
43.6447,-79.37363,73.14160123130301
43.644725,-79.373525,76.60750224642364
43.64475,-79.37342000000001,76.60750224467637
43.644775,-79.373315,76.60750224642364
43.644800000000004,-79.37321,76.60750224642364
43.644830000000006,-79.37308666666667,76.32869286687763
43.64486,-79.37296333333335,76.328692868478
43.644890000000004,-79.37284000000001,76.32869286687763
43.64493,-79.37267000000001,76.75948008507974
43.64497000000001,-79.3725,76.75948008387844
43.645010000000006,-79.37233,76.75948008507974
43.64503750000001,-79.37217000000001,80.24757505741943
43.645065,-79.37201,80.24757506074043
43.645092500000004,-79.37185,80.24757505826898
43.645120000000006,-79.37169,80.24757505741943
43.645140000000005,-79.37156,81.25383773768013
43.645160000000004,-79.37143,81.25383773768013
43.64519000000001,-79.37128,78.69006752545785
43.64522,-79.37113000000001,78.69006752702367
43.645250000000004,-79.37098,78.69006752545785
43.645285,-79.37080833333334,78.47627829663321
43.645320000000005,-79.37063666666667,78.47627829528476
43.64535500000001,-79.370465,78.47627829528476
43.645390000000006,-79.37029333333334,78.47627829663321
43.645425,-79.37012166666668,78.47627829663321
43.64546000000001,-79.36995,78.47627829528476
43.645500000000006,-79.36979000000001,75.96375653207353
43.64556,-79.36966000000001,65.22485943176385
43.64559333333334,-79.36949333333334,78.69006752597979
43.64562666666667,-79.36932666666668,78.6900675250403
43.64566000000001,-79.36916000000001,78.69006752597979
43.64568750000001,-79.36901250000001,79.43898930798984
43.64571500000001,-79.368865,79.43898930898446
43.645742500000004,-79.3687175,79.4389893106572
43.645770000000006,-79.36857,79.43898930798984
43.645810000000004,-79.36844,72.89727103138776
43.645846000000006,-79.36827400000001,77.76388848959594
43.64588200000001,-79.368108,77.76388849061189
43.645918,-79.36794200000001,77.76388849193826
43.645954,-79.367776,77.76388849061189
43.645990000000005,-79.36761000000001,77.76388848959594
43.64602500000001,-79.367435,78.69006752553241
43.646060000000006,-79.36726,78.69006752687453
43.64609,-79.367135,76.50426672092873
43.64612,-79.36701000000001,76.5042667178492
43.646150000000006,-79.3668725,77.69198418231514
43.64618,-79.366735,77.69198418390813
43.64621,-79.36659750000001,77.69198418108186
43.646240000000006,-79.36646,77.69198418231514
43.64627000000001,-79.36633,77.00538320693992
43.646300000000004,-79.3662,77.0053832099132
43.646330000000006,-79.36607000000001,77.00538320693992
43.64636,-79.36595000000001,75.96375653367004
43.64638000000001,-79.36584500000001,79.21570212958673
43.64640000000001,-79.36574,79.21570213332824
43.646420000000006,-79.36564000000001,78.69006752519688
43.646440000000005,-79.36554000000001,78.69006752676269
43.64647000000001,-79.36541000000001,77.00538320693992
43.6465,-79.36528000000001,77.0053832099132
43.64654,-79.36514000000001,74.05460409984528
43.646575,-79.36504500000001,69.77514057081784
43.64661,-79.36495000000001,69.77514056704462
43.646640000000005,-79.364845,74.05460409856506
43.64667,-79.36474000000001,74.05460410010133
43.646705,-79.364635,71.56505117940434
43.64674,-79.36453,71.56505117591482
43.64679,-79.36439,70.34617594157827
43.646820000000005,-79.36429000000001,73.3007557630184
43.64685,-79.36419000000001,73.30075576899435
43.646875,-79.36409,75.96375653207353
43.6469,-79.36399,75.96375653207353
43.646935,-79.36384000000001,76.86597769394687
43.64697,-79.36369,76.8659776925741
43.64701,-79.36353000000001,75.96375653207353
43.647055,-79.36336500000002,74.74488129652468
43.6471,-79.3632,74.74488129777733
43.647130000000004,-79.36308500000001,75.37912600949493
43.64716000000001,-79.36297,75.37912601122424
43.64719000000001,-79.36285000000001,75.963756530477
43.647220000000004,-79.36273000000001,75.96375653367004
43.64725,-79.362615,75.37912601453877
43.64728,-79.36250000000001,75.37912600949493
43.647310000000004,-79.36236000000001,77.90524292219354
43.647345,-79.36225000000002,72.3498757803754
43.647380000000005,-79.36214000000001,72.34987577915331
43.647420000000004,-79.36202500000002,70.82099197391467
43.64746,-79.36191000000001,70.82099197611157
43.647508,-79.361772,70.82099197521909
43.647556,-79.36163400000001,70.82099197338833
43.647604,-79.361496,70.82099197521909
43.647652,-79.36135800000001,70.82099197338833
43.6477,-79.36122,70.82099197521909
43.64773,-79.36109,77.00538320693992
43.647775,-79.36095,72.18111108566549
43.64782,-79.36081000000001,72.18111108397115
43.647865,-79.36067000000001,72.18111108566549
43.64791,-79.36053000000001,72.18111108566549
43.647953333333334,-79.36041333333334,69.6235647880035
43.64799666666667,-79.36029666666667,69.62356478493702
43.64804,-79.36018,69.6235647880035
43.648092500000004,-79.36003,70.70995378056948
43.648145,-79.35988,70.70995378129484
43.6481975,-79.35973000000001,70.70995377887697
43.648250000000004,-79.35958000000001,70.70995378056948
43.648300000000006,-79.359435,70.97439396225826
43.64835,-79.35929,70.97439396476756
43.6484,-79.35913000000001,72.64597536257963
43.648450000000004,-79.35897500000002,72.12130340277733
43.648500000000006,-79.35882000000001,72.12130340431214
43.64855000000001,-79.35868,70.34617594157827
43.6486,-79.35854,70.34617594415725
43.64865,-79.3584,70.34617594157827
43.64868,-79.358305,72.47443162914844
43.64871,-79.35821,72.47443162525167
43.648745000000005,-79.35809,73.73979528934308
43.64878,-79.35797000000001,73.7397952924697
43.648810000000005,-79.35785000000001,75.963756530477
43.64885,-79.357675,77.1249984417772
43.64889,-79.3575,77.12499844076652
43.648920000000004,-79.35734000000001,79.38034472261585
43.64894,-79.35719,82.40535663194188
43.64896,-79.35704000000001,82.40535663123079
43.64898,-79.35690000000001,81.86989764625115
43.648990000000005,-79.35677000000001,85.6012946435676
43.648995,-79.35660000000001,88.31531568393343
43.649,-79.35643,88.31531568168145
43.649,-79.35629,90
43.64898,-79.35613000000001,97.12501634890181
43.648915,-79.35602500000002,121.75948008681499
43.64885,-79.35592000000001,121.75948008334454
43.64878,-79.35582500000001,126.38435181568973
43.64871,-79.35573000000001,126.38435181568973
43.648625,-79.35562000000002,127.69424046816383
43.648540000000004,-79.35551000000001,127.69424046458252
43.648480000000006,-79.35542500000001,125.21759296762858
43.64842,-79.35534000000001,125.21759297082531
43.648360000000004,-79.35522,116.56505117436394
43.648320000000005,-79.35511500000001,110.85445804054574
43.64828000000001,-79.35501000000001,110.85445803796604
43.648245,-79.354875,104.53445508210997
43.648210000000006,-79.35474,104.53445507928427
43.6482,-79.35464,95.71059313911198
43.64819000000001,-79.35454,95.71059313508118
43.64819000000001,-79.35441,90
43.6482,-79.35427,85.91438322167836
43.64822,-79.35413000000001,81.86989764543692
43.64824,-79.35402500000001,79.21570213332824
43.64826,-79.35392,79.21570213332824
43.648300000000006,-79.35378,74.05460409715681
43.648335,-79.35369,68.74949449461307
43.64837000000001,-79.3536,68.74949449068386
43.648415,-79.353485,68.629377732659
43.64846,-79.35337000000001,68.62937772958898
43.64851,-79.35326,65.55604522014116
43.64856,-79.35315,65.55604522014116
43.64861500000001,-79.353025,66.25050550538693
43.64867,-79.3529,66.25050550811555
43.64870500000001,-79.352815,67.6198649453906
43.648740000000004,-79.35273000000001,67.61986494948579
43.64878,-79.35263,68.19859051505202
43.64882,-79.35253,68.19859051505202
43.64886,-79.352445,64.79887635498625
43.648900000000005,-79.35236,64.79887635106508
43.64893000000001,-79.352275,70.5599651700701
43.64896,-79.35219000000001,70.55996517432911
43.649,-79.352035,75.52970590104623
43.64904000000001,-79.35188000000001,75.52970589731272
43.649055000000004,-79.35172,84.64417495824831
43.64907,-79.35156,84.64417495777538
43.649123333333335,-79.35141,70.4268741700717
43.64917666666667,-79.35126000000001,70.4268741683583
43.64923,-79.35111,70.4268741700717
43.649295,-79.35096000000001,66.57130719018826
43.64936,-79.35081000000001,66.5713071921686
43.64942714285714,-79.35065285714286,66.86430274397863
43.64949428571429,-79.35049571428573,66.86430273991577
43.64956142857143,-79.35033857142858,66.86430274397863
43.64962857142857,-79.35018142857143,66.86430274397863
43.64969571428571,-79.35002428571428,66.86430274397863
43.64976285714286,-79.34986714285715,66.86430273991577
43.64983,-79.34971,66.86430274397863
43.649898750000006,-79.3495625,65.00969388694575
43.6499675,-79.34941500000001,65.00969388921322
43.65003625,-79.34926750000001,65.00969388921322
43.650105,-79.34912,65.0096938890595
43.65017375000001,-79.3489725,65.00969388694575
43.650242500000004,-79.348825,65.00969388921322
43.65031125,-79.34867750000001,65.00969388921322
43.650380000000006,-79.34853000000001,65.00969388694575
43.650435,-79.34839500000001,67.83365417935441
43.650490000000005,-79.34826000000001,67.83365417676806
43.65054000000001,-79.34814666666668,66.19405648048102
43.65059,-79.34803333333333,66.19405648614108
43.65064,-79.34792,66.19405648048102
43.6507,-79.34778,66.80140948740468
43.650760000000005,-79.34764000000001,66.80140948284223
43.65082,-79.34750000000001,66.80140948740468
43.65088,-79.34734500000002,68.83874018295066
43.650940000000006,-79.34719000000001,68.83874018243488
43.650980000000004,-79.347105,64.79887635867678
43.65102,-79.34702,64.79887635498625
43.651070000000004,-79.346915,64.5366549384294
43.651120000000006,-79.34681,64.53665493541934
43.6511775,-79.34668,66.13982480956432
43.651235,-79.34655000000001,66.13982480956432
43.651292500000004,-79.34642000000001,66.13982480694511
43.65135,-79.34629000000001,66.13982480956432
43.651395,-79.346185,66.8014094872877
43.65144,-79.34608,66.8014094872877
43.65148666666667,-79.34595666666667,69.27444113342494
43.65153333333333,-79.34583333333335,69.27444113412731
43.65158,-79.34571000000001,69.27444113342494
43.651630000000004,-79.34559000000002,67.38013505051421
43.651680000000006,-79.34547,67.38013505292315
43.65173333333334,-79.34532666666668,69.59011716520966
43.65178666666667,-79.34518333333334,69.59011716706631
43.65184000000001,-79.34504000000001,69.59011716520966
43.65189000000001,-79.34490500000001,69.67686316974776
43.65194,-79.34477000000001,69.67686317239964
43.65197500000001,-79.344685,67.61986494876311
43.652010000000004,-79.3446,67.61986494948579
43.652055000000004,-79.344475,70.20112364501377
43.652100000000004,-79.34435,70.20112364501377
43.652150000000006,-79.3442,71.56505117707799
43.65220800000001,-79.344056,68.06151953215839
43.652266000000004,-79.343912,68.06151953263138
43.65232400000001,-79.343768,68.06151953215839
43.652382,-79.343624,68.06151953263138
43.652440000000006,-79.34348,68.06151953215839
43.6525,-79.343335,67.52056560413683
43.65256000000001,-79.34318999999999,67.52056560173962
43.652620000000006,-79.343045,67.52056560215293
43.652680000000004,-79.3429,67.52056560413683
43.65274,-79.342755,67.52056560413683
43.6528,-79.34261000000001,67.52056560215293
43.652860000000004,-79.342465,67.52056560173962
43.65292,-79.34232,67.52056560413683
43.65296666666667,-79.34220666666667,67.6198649464144
43.653013333333334,-79.34209333333334,67.61986494948579
43.65306,-79.34198,67.6198649464144
43.653130000000004,-79.34182333333334,65.92450174496726
43.653200000000005,-79.34166666666667,65.92450174496726
43.653270000000006,-79.34151,65.92450174496726
43.653330000000004,-79.341372,66.5014343237243
43.65339,-79.341234,66.50143432588175
43.65345000000001,-79.34109600000001,66.50143432124322
43.653510000000004,-79.340958,66.50143432588175
43.65357,-79.34082000000001,66.5014343237243
43.653622000000006,-79.34068800000001,68.49856567360587
43.653674,-79.340556,68.49856567837922
43.653726000000006,-79.34042400000001,68.49856567360587
43.653778,-79.340292,68.49856567837922
43.653830000000006,-79.34016000000001,68.49856567360587
43.65388000000001,-79.34005333333334,64.88516511326874
43.65393,-79.33994666666668,64.88516511639784
43.653980000000004,-79.33984000000001,64.88516511326874
43.65404,-79.33969,68.19859051505202
43.654105,-79.339555,64.29004621946073
43.65417,-79.33942,64.29004621946073
43.654226666666666,-79.33928166666666,67.72410215295552
43.65428333333333,-79.33914333333334,67.72410215089087
43.654340000000005,-79.33900500000001,67.72410214837079
43.65439666666667,-79.33886666666668,67.72410215295552
43.654453333333336,-79.33872833333334,67.72410215295552
43.65451,-79.33859000000001,67.72410215089087
43.654560000000004,-79.33847500000002,66.50143432223565
43.654610000000005,-79.33836000000001,66.50143432482459
43.65466333333334,-79.33823333333333,67.16634582308826
43.65471666666667,-79.33810666666668,67.16634582078927
43.654770000000006,-79.33798,67.16634582308826
43.654835000000006,-79.33782500000001,67.24902365641977
43.654900000000005,-79.33767,67.2490236582932
43.654945000000005,-79.33755500000001,68.62937772958898
43.654990000000005,-79.33744,68.6293777319916
43.655035000000005,-79.33733000000001,67.75097634134654
43.655080000000005,-79.33722,67.75097634394052
43.65513666666667,-79.33708666666666,66.97450799250645
43.65519333333334,-79.33695333333334,66.97450799030817
43.65525,-79.33682,66.97450799250645
43.655307500000006,-79.33669,66.13982480694511
43.655365,-79.33656,66.13982480956432
43.6554225,-79.33643000000001,66.13982480956432
43.655480000000004,-79.33630000000001,66.13982480694511
43.655550000000005,-79.336155,64.23067237589684
43.655620000000006,-79.33601,64.23067237589684
43.6556775,-79.3358875,64.85521437109956
43.65573500000001,-79.33576500000001,64.85521436581963
43.655792500000004,-79.3356425,64.85521437109956
43.65585,-79.33552,64.85521437109956
43.65591500000001,-79.33538000000001,65.0952311878038
43.65598000000001,-79.33524000000001,65.09523119241744
43.656045000000006,-79.3351075,63.86899945641651
43.656110000000005,-79.33497500000001,63.86899945398669
43.656175000000005,-79.33484250000001,63.86899945641651
43.656240000000004,-79.33471,63.86899945641651
43.656304000000006,-79.33457800000001,64.13364320416504
43.65636800000001,-79.334446,64.13364320658653
43.656432,-79.334314,64.1336432066622
43.656496000000004,-79.334182,64.13364320658653
43.656560000000006,-79.33405,64.13364320416504
43.65661,-79.33395000000002,63.43494882292201
43.65666,-79.33385000000001,63.43494882292201
43.65673,-79.33370500000001,64.23067237589684
43.656800000000004,-79.33356,64.23067237589684
43.65687,-79.333415,64.23067237817385
43.65694,-79.33327000000001,64.23067237369835
43.65701,-79.33312500000001,64.23067237589684
43.65708,-79.33298,64.23067237589684
43.657137500000005,-79.33285500000001,65.29756977018575
43.657195,-79.33273,65.29756977534689
43.6572525,-79.332605,65.29756977287384
43.65731,-79.33248,65.29756977018575
43.65737,-79.332345,66.03751102626123
43.657430000000005,-79.33221,66.03751102374302
43.65749,-79.332075,66.03751102626123
43.65755,-79.33194,66.03751102626123
43.65761666666667,-79.33179,66.03751102542182
43.65768333333333,-79.33164000000001,66.03751102567364
43.65775,-79.33149,66.03751102542182
43.6578,-79.33137,67.38013505051421
43.65785,-79.33125,67.38013505292315
43.657900000000005,-79.33113,67.38013505051421
43.65794,-79.33104,66.03751102626123
43.65798,-79.33095,66.03751102626123
43.658030000000004,-79.33080000000001,71.56505117544955
43.658080000000005,-79.33065,71.56505117707799
43.65814,-79.33050500000002,67.52056560215293
43.6582,-79.33036000000001,67.52056560413683
43.65825,-79.33025,65.55604522014116
43.65831333333334,-79.33009333333334,67.98871680127276
43.65837666666667,-79.32993666666667,67.98871680350632
43.658440000000006,-79.32978,67.98871680127276
43.65849666666667,-79.32966,64.72227776398472
43.65855333333334,-79.32954000000001,64.72227776398472
43.65861,-79.32942000000001,64.72227776398472
43.65865,-79.3293,71.56505117911355
43.6587,-79.32919000000001,65.55604521735273
43.658745,-79.32905500000001,71.56505117707799
43.65879,-79.32892000000001,71.56505117707799
43.65882500000001,-79.32880500000002,73.07248693317645
43.658860000000004,-79.32869000000001,73.0724869383886
43.65889,-79.32860500000001,70.55996517432911
43.65892,-79.32852000000001,70.5599651700701
43.658945,-79.328405,77.73522627254852
43.658970000000004,-79.32829000000001,77.73522627107882
43.659020000000005,-79.32814,71.56505117707799
43.65907000000001,-79.32799,71.56505117707799
43.65911666666667,-79.32781666666666,74.93151184202392
43.65916333333334,-79.32764333333334,74.93151183865473
43.65921,-79.32747,74.93151184202392
43.659243333333336,-79.32734,75.61860540830665
43.65927666666667,-79.32721000000001,75.61860540830665
43.659310000000005,-79.32708000000001,75.61860540830665
43.659345,-79.32695000000001,74.93151184163086
43.659380000000006,-79.32682000000001,74.93151183871089
43.659400000000005,-79.32672500000001,78.11134196101996
43.659420000000004,-79.32663000000001,78.11134196101996
43.65946,-79.32647,75.96375653327091
43.6595,-79.32631,75.96375653207353
43.65953666666667,-79.32614333333333,77.59258147306525
43.659573333333334,-79.32597666666668,77.59258147204008
43.65961,-79.32581,77.59258147306525
43.659645,-79.3256375,78.53046966844715
43.65968,-79.32546500000001,78.53046966526057
43.659715000000006,-79.32529250000002,78.53046966526057
43.65975,-79.32512000000001,78.53046966844715
43.659785,-79.32496250000001,77.47119229194324
43.65982,-79.32480500000001,77.47119228948006
43.65985500000001,-79.32464750000001,77.47119228948006
43.659890000000004,-79.32449000000001,77.47119229194324
43.659915000000005,-79.32437000000002,78.23171106716649
43.659940000000006,-79.32425,78.23171106852128
43.65997,-79.32414500000002,74.05460410010133
43.660000000000004,-79.32404000000001,74.05460409856506
43.66003333333334,-79.32392333333334,74.05460409907715
43.66006666666667,-79.32380666666668,74.05460409723362
43.66010000000001,-79.32369000000001,74.05460409907715
43.660145,-79.323565,70.2011236499729
43.66019,-79.32344,70.20112364501377
43.66024,-79.32329,71.56505117707799
43.660285,-79.32316,70.90650799929928
43.66033,-79.32303,70.90650799929928
43.66037,-79.3229,72.89727103138776
43.660410000000006,-79.32277,72.89727102852697
43.660450000000004,-79.32263,74.05460409984528
43.660475000000005,-79.32252500000001,76.60750224467637
43.660500000000006,-79.32242000000001,76.60750224642364
43.66053000000001,-79.322305,75.37912601122424
43.660560000000004,-79.32219,75.37912601280944
43.6606,-79.322035,75.52970590104623
43.66064,-79.32188000000001,75.52970589977524
43.66069,-79.32175500000001,68.19859051252512
43.660740000000004,-79.32163000000001,68.19859051252512
43.66077714285715,-79.3214642857143,77.36663806383771
43.66081428571429,-79.32129857142858,77.3666380661769
43.66085142857143,-79.32113285714287,77.36663806383771
43.66088857142857,-79.32096714285714,77.36663806722551
43.66092571428572,-79.32080142857143,77.36663806383771
43.660962857142856,-79.32063571428571,77.3666380661769
43.661,-79.32047,77.36663806383771
43.661030000000004,-79.32032000000001,78.69006752441398
43.6610675,-79.32016000000002,76.80938928809465
43.661105000000006,-79.32000000000001,76.8093892868133
43.661142500000004,-79.31984,76.80938928922525
43.66118,-79.31968,76.80938928809465
43.661215,-79.319525,77.27564431618995
43.66125,-79.31937,77.27564431256224
43.661275,-79.319255,77.73522627254852
43.661300000000004,-79.31914,77.73522627107882
43.661336000000006,-79.318984,77.0053832078929
43.66137200000001,-79.31882800000001,77.00538320674933
43.661408,-79.318672,77.00538321037064
43.661444,-79.31851600000002,77.00538320674933
43.661480000000005,-79.31836000000001,77.0053832078929
43.66151000000001,-79.31822333333335,77.61924306987584
43.66154,-79.31808666666667,77.61924307396544
43.661570000000005,-79.31795000000001,77.61924306987584
43.66160000000001,-79.31781666666667,77.31961650759894
43.66163,-79.31768333333335,77.31961650919736
43.661660000000005,-79.31755000000001,77.31961650759894
43.661692,-79.31740200000002,77.79953127325844
43.66172400000001,-79.317254,77.79953127176692
43.661756000000004,-79.31710600000001,77.79953127325844
43.66178800000001,-79.316958,77.79953127176692
43.661820000000006,-79.31681,77.79953127325844
43.66185,-79.31663,80.53767779344146
43.66189,-79.31646500000001,76.3730051402497
43.661930000000005,-79.31630000000001,76.37300513791931
43.661970000000004,-79.316125,77.1249984417772
43.66201,-79.31595,77.12499844076652
43.662015000000004,-79.31581,87.95459151049043
43.662020000000005,-79.31567000000001,87.95459151028301
43.662060000000004,-79.315495,77.1249984417772
43.6621,-79.31532,77.12499844076652
43.662130000000005,-79.31518333333334,77.61924306987584
43.66216,-79.31504666666667,77.61924307271777
43.66219,-79.31491000000001,77.61924306987584
43.662220000000005,-79.31479,75.96375653207353
43.66226,-79.31463000000001,75.96375653207353
43.6623,-79.31447,75.96375653327091
43.6623375,-79.31430625,77.10124889650277
43.662375000000004,-79.3141425,77.10124889414048
43.6624125,-79.31397875,77.10124889650277
43.66245000000001,-79.313815,77.10124889414048
43.662487500000005,-79.31365125,77.10124889650277
43.662525,-79.31348750000001,77.10124889650277
43.66256250000001,-79.31332375000001,77.10124889414048
43.662600000000005,-79.31316000000001,77.10124889650277
43.662638,-79.312994,77.10625595683052
43.662676000000005,-79.31282800000001,77.10625595343325
43.662714,-79.312662,77.10625595683052
43.662752000000005,-79.31249600000001,77.10625595343325
43.66279,-79.31233,77.10625595683052
43.66283000000001,-79.31216,76.75948008281061
43.66286000000001,-79.31202,77.90524292219354
43.662890000000004,-79.31188,77.90524292497382
43.662925,-79.31173000000001,76.86597769394687
43.662960000000005,-79.31158,76.8659776925741
43.66299500000001,-79.31143,76.8659776925741
43.663030000000006,-79.31128000000001,76.86597769394687
43.663055,-79.31115000000001,79.1144729478966
43.66308,-79.31102000000001,79.11447294487665
43.66311,-79.31088000000001,77.90524292219354
43.663140000000006,-79.31074000000001,77.90524292219354
43.663180000000004,-79.31057000000001,76.75948008507974
43.663205000000005,-79.31045,78.23171106852128
43.663230000000006,-79.31033000000001,78.23171106716649
43.663250000000005,-79.310235,78.11134196101996
43.663270000000004,-79.31014,78.11134196101996
43.66330333333334,-79.30999333333334,77.19573393423336
43.663336666666666,-79.30984666666667,77.19573393687278
43.66337,-79.3097,77.19573393423336
43.66339666666667,-79.30958000000001,77.47119228869319
43.663423333333334,-79.30946,77.471192293363
43.663450000000005,-79.30934,77.47119228869319
43.66349,-79.30919,75.06858282287601
43.663520000000005,-79.309075,75.37912600949493
43.66355,-79.30896000000001,75.37912601280944
43.66358,-79.30882500000001,77.47119228989058
43.663610000000006,-79.30869000000001,77.47119228989058
43.663650000000004,-79.308518,76.90810693659311
43.66369,-79.30834600000001,76.90810693554872
43.66373000000001,-79.30817400000001,76.90810693434764
43.66377000000001,-79.30800200000002,76.90810693554872
43.663810000000005,-79.30783000000001,76.90810693659311
43.66384666666667,-79.30767333333334,76.8274465769352
43.66388333333334,-79.30751666666667,76.8274465769352
43.663920000000005,-79.30736,76.8274465769352
43.663940000000004,-79.30727,77.47119229132744
43.66396,-79.30718,77.47119229132744
43.664015000000006,-79.307015,71.56505117559759
43.66407,-79.30685000000001,71.56505117781819
43.664105000000006,-79.30675500000001,69.77514056704462
43.66414,-79.30666000000001,69.77514057081784
43.66418,-79.306565,67.16634582323195
43.66422,-79.30647,67.16634582323195
43.664280000000005,-79.30634500000001,64.35899417336535
43.66434,-79.30622000000001,64.35899417601236
43.6644,-79.30611,61.38954033636854
43.664480000000005,-79.30598,58.39249775217857
43.664570000000005,-79.30585,55.30484646844035
43.66465,-79.30573000000001,56.309932474020215
43.664730000000006,-79.30562,53.97262661511646
43.66481,-79.30553,48.36646066455287
43.6649,-79.30542000000001,50.71059313548424
43.66499,-79.30533000000001,45
43.665090000000006,-79.30523000000001,45
43.66516,-79.30516500000002,42.87890360244624
43.66523,-79.30510000000001,42.878903605792374
43.665310000000005,-79.30504,36.869897646658245
43.665400000000005,-79.30496000000001,41.63353933544714
43.665510000000005,-79.30489,32.47119229396169
43.665600000000005,-79.30484000000001,29.054604092932074
43.66572,-79.30478000000001,26.56505117979206
43.66581,-79.30475000000001,18.43494882020794
43.6659,-79.30473,12.528807712983145
43.66597,-79.30472,8.130102356598643
43.66604,-79.30471,8.130102356598643
43.66615,-79.30471,0
43.666250000000005,-79.30473,-11.309932477151838
43.666360000000005,-79.30476,-15.255118700865639
43.666470000000004,-79.30481,-24.44395478125307
43.66655,-79.304845,-23.629377729588985
43.666630000000005,-79.30488000000001,-23.629377736262935
43.66671,-79.30494,-36.869897642587134
43.6668,-79.30498,-23.96248897373878
43.66689,-79.30502000000001,-23.962488981293415
43.666955,-79.30505000000001,-24.775140565654468
43.66702,-79.30508,-24.775140565654468
43.66713888888889,-79.30512888888889,-22.353197684416244
43.66725777777778,-79.30517777777779,-22.35319769147871
43.66737666666667,-79.30522666666667,-22.353197684416244
43.66749555555556,-79.30527555555555,-22.353197684416244
43.667614444444446,-79.30532444444445,-22.35319769147871
43.66773333333334,-79.30537333333334,-22.353197684416244
43.66785222222223,-79.30542222222222,-22.353197684416244
43.667971111111115,-79.30547111111112,-22.35319769147871
43.66809000000001,-79.30552,-22.353197684416244
43.66818666666667,-79.30556,-22.479434396855126
43.66828333333334,-79.30560000000001,-22.479434402558816
43.668380000000006,-79.30564000000001,-22.479434396855126
43.66850333333334,-79.30569000000001,-22.067899562869943
43.66862666666667,-79.30574,-22.067899558349325
43.66875,-79.30579,-22.067899562869943
43.668782500000006,-79.305645,77.36663806380315
43.668815,-79.3055,77.3666380664765
43.6688475,-79.305355,77.3666380652781
43.66888,-79.30521,77.36663806380315
43.668910000000004,-79.30507333333334,77.61924306987584
43.66894,-79.30493666666666,77.61924307396544
43.66897,-79.3048,77.61924306987584
43.66901,-79.30465000000001,75.0685828215246
43.66904,-79.30451666666667,77.31961650759894
43.66907,-79.30438333333335,77.31961650919736
43.6691,-79.30425000000001,77.31961650759894
43.66912666666667,-79.30412666666668,77.7995312710851
43.669153333333334,-79.30400333333334,77.79953127423856
43.669180000000004,-79.30388,77.7995312710851
43.66920666666667,-79.30376000000001,77.47119229192614
43.66923333333334,-79.30364,77.47119229013006
43.66926,-79.30352,77.47119229192614
43.66929625,-79.30336000000001,77.23443421818506
43.6693325,-79.3032,77.23443421928172
43.669368750000004,-79.30304000000001,77.23443421818506
43.669405,-79.30288000000002,77.23443422060528
43.66944125,-79.30272000000001,77.23443421928172
43.6694775,-79.30256000000001,77.23443421818506
43.66951375,-79.3024,77.23443421928172
43.66955,-79.30224000000001,77.23443421818506
43.66959,-79.302065,77.1249984417772
43.669630000000005,-79.30189,77.12499843855569
43.66966000000001,-79.30174,78.69006752545785
43.66969,-79.30159,78.69006752702367
43.669720000000005,-79.30144,78.69006752545785
43.669760000000004,-79.30126666666666,77.00538320876964
43.6698,-79.30109333333334,77.00538320774042
43.66984,-79.30092,77.00538320876964
43.669876,-79.300756,77.61924307055745
43.669912000000004,-79.30059200000001,77.61924307055745
43.669948,-79.300428,77.61924307396544
43.669984,-79.300264,77.61924307055745
43.67002,-79.3001,77.61924307055745
43.67005,-79.29996,77.90524292219354
43.670080000000006,-79.29982000000001,77.90524292100199
43.670112,-79.29967400000001,77.63750758534265
43.67014400000001,-79.29952800000001,77.63750758268202
43.670176000000005,-79.29938200000001,77.63750758534265
43.67020800000001,-79.29923600000001,77.63750758268202
43.67024000000001,-79.29909,77.63750758534265
43.670280000000005,-79.29892000000001,76.75948008507974
43.670300000000005,-79.29882500000001,78.11134196101996
43.670320000000004,-79.29873,78.11134196101996
43.670352,-79.29858,77.9574248584649
43.670384000000006,-79.29843000000001,77.95742485476137
43.670416,-79.29828,77.9574248584649
43.67044800000001,-79.29813000000001,77.95742485476137
43.670480000000005,-79.29798000000001,77.9574248584649
43.670550000000006,-79.298015,-26.56505117475164
43.67062000000001,-79.29805,-26.56505117475164
43.670730000000006,-79.29809666666667,-22.98871680036982
43.670840000000005,-79.29814333333334,-22.988716806642817
43.670950000000005,-79.29819,-22.98871680036982
43.67104500000001,-79.29823,-22.833654176768054
43.67114,-79.29827,-22.83365417830071
43.67122500000001,-79.298305,-22.380135048827952
43.671310000000005,-79.29834000000001,-22.380135058704607
43.67142333333334,-79.29838666666667,-22.38013505051421
43.671536666666675,-79.29843333333335,-22.380135055392316
43.67165000000001,-79.29848000000001,-22.38013505051421
43.67175400000001,-79.29852400000001,-22.932100438739095
43.67185800000001,-79.29856800000002,-22.932100438739095
43.671962,-79.298612,-22.93210043350335
43.672066,-79.29865600000001,-22.932100438739095
43.67217,-79.29870000000001,-22.932100438739095
43.67225500000001,-79.29873500000001,-22.380135048827952
43.672340000000005,-79.29877,-22.38013505051421
43.67245500000001,-79.29881833333334,-22.796521470253595
43.67257000000001,-79.29886666666667,-22.79652146423631
43.672685,-79.29891500000001,-22.79652147151809
43.6728,-79.29896333333335,-22.796521470253595
43.672915,-79.29901166666667,-22.79652146423631
43.673030000000004,-79.29906000000001,-22.796521470253595
43.673115,-79.29910000000001,-25.201123645013755
43.6732,-79.29914000000001,-25.201123645013755
43.67331666666667,-79.29918666666667,-21.801409483945246
43.673433333333335,-79.29923333333335,-21.801409491164947
43.673550000000006,-79.29928000000001,-21.801409483945246
43.673585,-79.29911750000001,77.84505830395648
43.67362,-79.298955,77.84505830395648
43.673655000000004,-79.2987925,77.84505830156223
43.67369,-79.29863,77.84505830395648
43.67372666666667,-79.29847333333333,76.8274465769352
43.67376333333334,-79.29831666666668,76.82744657331837
43.67380000000001,-79.29816000000001,76.8274465769352
43.67382666666667,-79.29803333333334,78.11134196247778
43.67385333333334,-79.29790666666668,78.1113419581043
43.673880000000004,-79.29778,78.11134196247778
43.6739125,-79.2976325,77.57405713577712
43.673945,-79.297485,77.57405713430484
43.67397750000001,-79.2973375,77.57405713314483
43.67401,-79.29719,77.57405713577712
43.674040000000005,-79.29703,79.38034472261585
43.674078,-79.29686600000001,76.95436293808571
43.674116000000005,-79.29670200000001,76.9543629357298
43.674154,-79.296538,76.95436293917746
43.674192000000005,-79.296374,76.9543629357298
43.67423,-79.29621,76.95436293808571
43.674350000000004,-79.296255,-20.556045219211676
43.67447000000001,-79.2963,-20.556045219211676
43.674555000000005,-79.296335,-22.38013505051421
43.674640000000004,-79.29637000000001,-22.380135058704607
43.674730000000004,-79.2964,-18.43494882020794
43.674820000000004,-79.29643,-18.43494882020794
43.674905,-79.29646500000001,-22.380135058704607
43.67499,-79.29650000000001,-22.38013505051421
43.67510666666667,-79.29654333333335,-20.37643521506298
43.675223333333335,-79.29658666666667,-20.376435210069005
43.675340000000006,-79.29663000000001,-20.37643521506298
43.675425000000004,-79.296665,-22.38013505051421
43.67551,-79.2967,-22.38013505051421
43.6756,-79.29674,-23.96248897373878
43.67568,-79.29677000000001,-20.5560452262757
43.675760000000004,-79.2968,-20.55604521567966
43.675850000000004,-79.29683,-18.43494882020794
43.67598,-79.29679,17.10272896861225
43.67609,-79.29678000000001,5.194428902061948
43.67621,-79.29683,-22.619864943704332
43.67633,-79.29688,-22.619864948281318
43.67643,-79.296925,-24.227745317277062
43.67653000000001,-79.29697,-24.227745317277062
43.67664333333334,-79.29701666666666,-22.38013505051421
43.67675666666667,-79.29706333333334,-22.38013505665701
43.67687,-79.29711,-22.38013505051421
43.67698,-79.297155,-22.249023657356474
43.67709000000001,-79.2972,-22.249023656059485
43.67718000000001,-79.29724,-23.96248897373878
43.67727,-79.29728,-23.962488975417585
43.677395000000004,-79.29733,-21.80140948635181
43.67752,-79.29738,-21.801409487474878
43.677620000000005,-79.29742,-21.801409484947982
43.677705,-79.29745500000001,-22.380135058704607
43.67779,-79.29749000000001,-22.38013505051421
43.67790666666667,-79.29753666666667,-21.801409483945246
43.678023333333336,-79.29758333333335,-21.801409491164947
43.678140000000006,-79.29763000000001,-21.801409483945246
43.67821500000001,-79.29766500000001,-25.016893475425572
43.678290000000004,-79.2977,-25.0168934775057
43.678415,-79.29775000000001,-21.801409487474878
43.678540000000005,-79.29780000000001,-21.80140948635181
43.678630000000005,-79.29784000000001,-23.96248897373878
43.67873,-79.29789000000001,-26.565051178706437
43.678850000000004,-79.29797,-33.69006752441398
43.67891,-79.29802500000001,-42.51044708076613
43.67897000000001,-79.29808000000001,-42.51044707738634
43.67909,-79.29813,-22.619864943704332
43.6792,-79.29815,-10.30484647202292
43.679300000000005,-79.29814,5.710593139111963
43.67943,-79.29812000000001,8.74616225926067
43.67956,-79.2981,8.746162265379102
43.67969,-79.29808000000001,8.74616225926067
43.679790000000004,-79.29807000000001,5.710593139111963
43.67992,-79.29805,8.746162265379102
43.68001,-79.29808000000001,-18.43494882835016
43.680110000000006,-79.29812000000001,-21.801409484947982
43.68023,-79.29818,-26.56505117436392
43.68034,-79.29826000000001,-36.02737338906469
43.680420000000005,-79.29835000000001,-48.36646066202597
43.68049500000001,-79.29845,-53.13010235024772
43.68057,-79.29855,-53.13010235676149
43.680645,-79.298635,-48.57633437626463
43.68072,-79.29872,-48.57633437357167
43.68081,-79.29883000000001,-50.71059313911196
43.680890000000005,-79.29891,-44.99999999745556
43.680980000000005,-79.29897000000001,-33.69006752806754
43.6811,-79.2990175,-21.59531044713454
43.68122,-79.29906500000001,-21.595310451839612
43.681340000000006,-79.2991125,-21.595310445973546
43.68146,-79.29916,-21.59531044713454
43.681588000000005,-79.299212,-22.109448341874803
43.681716,-79.29926400000001,-22.10944834844386
43.681844000000005,-79.299316,-22.109448341874803
43.681972,-79.29936800000002,-22.10944834844386
43.682100000000005,-79.29942000000001,-22.109448341874803
43.6822,-79.29947,-26.56505117219266
43.682316666666665,-79.29951833333334,-22.503528502788313
43.682433333333336,-79.29956666666666,-22.50352849559774
43.682550000000006,-79.299615,-22.503528501554424
43.68266666666667,-79.29966333333334,-22.503528502788313
43.68278333333333,-79.29971166666667,-22.503528496831628
43.682900000000004,-79.29976,-22.503528501554424
43.682993333333336,-79.2998,-23.19859051312175
43.68308666666667,-79.29984,-23.19859051312175
43.68318,-79.29988,-23.19859051312175
43.68327,-79.29991000000001,-18.43494882835016
43.68336,-79.29994,-18.43494882020794
43.68348,-79.29999000000001,-22.619864948281318
43.68356,-79.300025,-23.629377729588985
43.683640000000004,-79.30006,-23.62937772772028
43.683725,-79.300095,-22.38013505051421
43.68381,-79.30013000000001,-22.380135058704607
43.6839,-79.30016,-18.43494882020794
43.683980000000005,-79.30015,7.125016350780772
43.68406,-79.30014000000001,7.125016341385902
43.68415,-79.30013000000001,6.340191747895816
43.684265,-79.30017500000001,-21.370622269209708
43.684380000000004,-79.30022000000001,-21.370622269209708
43.684465,-79.30025,-19.440034825670892
43.68455,-79.30028,-19.440034825670892
43.68464,-79.30031500000001,-21.25050551324536
43.68473,-79.30035000000001,-21.25050550538692
43.684815,-79.300385,-22.38013505051421
43.684900000000006,-79.30042,-22.380135048827952
43.685007500000005,-79.30046250000001,-21.5713071944536
43.685115,-79.300505,-21.571307187903262
43.6852225,-79.3005475,-21.571307187903262
43.68533,-79.30059,-21.5713071944536
43.685405,-79.300625,-25.016893475425572
43.685480000000005,-79.30066000000001,-25.016893484340407
43.68559333333334,-79.30070333333335,-20.92450174713339
43.685706666666675,-79.30074666666667,-20.924501739667132
43.68582000000001,-79.30079,-20.92450174713339
43.685905000000005,-79.30083,-25.201123645013755
43.685990000000004,-79.30087,-25.201123645013755
43.686075,-79.300905,-22.38013505051421
43.68616,-79.30094000000001,-22.380135058704607
43.686235,-79.30097,-21.80140948260826
43.686310000000006,-79.301,-21.80140948260826
43.686437500000004,-79.30105,-21.412969475848506
43.686565,-79.3011,-21.412969475848506
43.68669250000001,-79.30115,-21.412969474763237
43.686820000000004,-79.30120000000001,-21.412969475848506
43.686885000000004,-79.30123,-24.775140565654468
43.68695,-79.30126000000001,-24.77514057598119
43.687070000000006,-79.30131,-22.619864942499863
43.687195,-79.30137,-25.641005826634657
43.68732000000001,-79.30143000000001,-25.641005825364086
43.687400000000004,-79.30146500000001,-23.629377729588985
43.68748,-79.3015,-23.629377729588985
43.687605000000005,-79.30155500000001,-23.749494493412488
43.68773,-79.30161000000001,-23.74949449461308
43.6878375,-79.3016575,-23.838740180666427
43.687945,-79.301705,-23.838740180666427
43.688052500000005,-79.3017525,-23.838740185603335
43.68816,-79.3018,-23.838740180666427
43.68818666666667,-79.30167666666667,77.79953127423856
43.68821333333334,-79.30155333333335,77.79953126972143
43.68824,-79.30143000000001,77.79953127423856
43.688275000000004,-79.30129000000001,75.96375653070508
43.68831,-79.30115,75.96375653344197
43.68833000000001,-79.30105,78.69006752284817
43.68835000000001,-79.30095,78.69006752676269
43.68838000000001,-79.30082,77.00538320693992
43.688410000000005,-79.30069,77.0053832099132
43.68844000000001,-79.30056,77.00538320693992
43.6884725,-79.300425,76.46414363244934
43.688505000000006,-79.30029,76.4641436295989
43.68853750000001,-79.300155,76.4641436295989
43.688570000000006,-79.30002,76.46414363244934
43.68860500000001,-79.29985500000001,78.02386755415104
43.68864000000001,-79.29969000000001,78.02386755651213
43.688680000000005,-79.29952,76.75948008614759
43.688714000000004,-79.29937,77.22875743571811
43.688748000000004,-79.29922,77.22875743454784
43.688782,-79.29907,77.22875743571811
43.688816,-79.29892000000001,77.22875743454784
43.68885,-79.29877,77.22875743571811
43.688885,-79.29861,77.66091272334323
43.68892,-79.29845,77.66091271985262
43.688945000000004,-79.29833500000001,77.73522627107882
43.688970000000005,-79.29822,77.73522627254852
43.689015000000005,-79.298055,74.74488129652468
43.689060000000005,-79.29789000000001,74.74488129652468
43.689080000000004,-79.29779,78.69006752676269
43.6891,-79.29769,78.69006752676269
43.68913333333334,-79.29755,76.60750224598681
43.68916666666667,-79.29741000000001,76.60750224467637
43.68920000000001,-79.29727000000001,76.60750224598681
43.68923666666667,-79.29710666666668,77.34744349949045
43.68927333333334,-79.29694333333335,77.34744349949045
43.689310000000006,-79.29678000000001,77.34744349949045
43.689418,-79.29679000000002,-5.290081207170807
43.68952600000001,-79.2968,-5.290081199349737
43.689634000000005,-79.29681000000001,-5.290081207170807
43.68974200000001,-79.29682,-5.290081199349737
43.68985000000001,-79.29683,-5.290081207170807
43.689980000000006,-79.296845,-6.581944657317572
43.690110000000004,-79.29686000000001,-6.581944657317572
43.69024,-79.296875,-6.5819446511366175
43.69037,-79.29689,-6.581944657317572
43.69050142857143,-79.29690285714287,-5.587243966839015
43.69063285714286,-79.29691571428572,-5.587243960702572
43.69076428571429,-79.29692857142858,-5.587243966839015
43.690895714285716,-79.29694142857143,-5.587243960702572
43.691027142857145,-79.29695428571429,-5.587243966839015
43.69115857142857,-79.29696714285714,-5.587243960702572
43.69129,-79.29698,-5.587243966839015
43.691390000000006,-79.29699000000001,-5.710593139111963
43.69150666666667,-79.29700333333334,-6.51980174929502
43.69162333333334,-79.29701666666668,-6.519801755790425
43.69174,-79.29703,-6.51980174929502
43.691856666666666,-79.29704333333333,-6.51980174929502
43.69197333333334,-79.29705666666668,-6.519801755790425
43.69209,-79.29707,-6.51980174929502
43.69220000000001,-79.29708000000001,-5.194428909069597
43.69233200000001,-79.297094,-6.054191891111177
43.69246400000001,-79.29710800000001,-6.054191897210911
43.692596,-79.297122,-6.054191891434648
43.692728,-79.29713600000001,-6.054191897210911
43.69286,-79.29715,-6.054191891111177
43.692980000000006,-79.29716,-4.763641692130009
43.6931,-79.29717000000001,-4.763641692410776
43.69323,-79.29718500000001,-6.581944657317572
43.693360000000006,-79.2972,-6.581944650780024
43.69346,-79.29721,-5.710593139515044
43.693560000000005,-79.29722000000001,-5.710593139111963
43.693668,-79.297234,-7.386043147834632
43.69377600000001,-79.29724800000001,-7.38604315476856
43.693884000000004,-79.297262,-7.386043147834632
43.69399200000001,-79.29727600000001,-7.38604315476856
43.694100000000006,-79.29729,-7.386043147834632
43.69422250000001,-79.2973025,-5.826342027944784
43.694345000000006,-79.297315,-5.826342028280407
43.6944675,-79.29732750000001,-5.826342034858622
43.694590000000005,-79.29734,-5.826342027944784
43.694700000000005,-79.29735000000001,-5.194428909403293
43.694805,-79.29736,-5.440332025150427
43.69491,-79.29737,-5.44033203283522
43.69503,-79.297385,-7.125016350989545
43.695150000000005,-79.29740000000001,-7.125016350989545
43.69527,-79.29742,-9.462322204724718
43.695345,-79.297425,-3.8140748353711795
43.695420000000006,-79.29743,-3.8140748353711795
43.695510000000006,-79.29743,0
43.695600000000006,-79.29743,0
43.6957,-79.29743,0
43.69577,-79.29743,0
43.695840000000004,-79.29743,0
43.69594000000001,-79.29742000000002,5.71059313105036
43.69604,-79.29741000000001,5.710593139515044
43.69615,-79.29739000000001,10.30484647202292
43.69624,-79.29738,6.340191747895816
43.696360000000006,-79.29735000000001,14.036243465531708
43.69643500000001,-79.29733000000002,14.931417172056227
43.69651,-79.29731000000001,14.931417183543179
43.696595,-79.29729,13.240519919458535
43.69668,-79.29727000000001,13.24051991038196
43.696783333333336,-79.29724333333334,14.470294101734051
43.69688666666667,-79.29721666666667,14.470294101734051
43.69699000000001,-79.29719,14.470294101734051
43.69699000000001,-79.29736000000001,-90
43.69699000000001,-79.29753000000001,-90
43.69699000000001,-79.29736000000001,90
43.69699000000001,-79.29719,90
43.69688666666667,-79.29721666666667,-165.52970589826595
43.696783333333336,-79.29724333333334,-165.52970589826595
43.69668,-79.29727000000001,-165.52970589826595
43.696595,-79.29729,-166.75948008961805
43.69651,-79.29731000000001,-166.7594800805415
43.69643500000001,-79.29733000000002,-165.06858281645682
43.696360000000006,-79.29735000000001,-165.0685828279438
43.696250000000006,-79.29737,-169.69515353514225
43.69615,-79.29739000000001,-168.69006752284818
43.69604,-79.29741000000001,-169.69515352797708
43.69594000000001,-79.29742000000002,-174.28940686048497
43.695840000000004,-79.29743,-174.28940686894967
43.695730000000005,-79.29743,180
43.695600000000006,-79.29743,180
43.695530000000005,-79.29743,180
43.695460000000004,-79.29743,180
43.695365,-79.297425,176.987212494917
43.69527,-79.29742,176.987212494917
43.695150000000005,-79.29740000000001,170.5376777952753
43.69503,-79.297385,172.87498364901046
43.69491,-79.29737,172.87498364901046
43.694805,-79.29736,174.55966796716478
43.694700000000005,-79.29735000000001,174.5596679748496
43.694590000000005,-79.29734,174.80557109059671
43.6944675,-79.29732750000001,174.17365797205525
43.694345000000006,-79.297315,174.17365796514142
43.69422250000001,-79.2973025,174.1736579717196
43.694100000000006,-79.29729,174.17365797205525
43.69399200000001,-79.29727600000001,172.6139568521654
43.693884000000004,-79.297262,172.61395684523143
43.69377600000001,-79.29724800000001,172.6139568521654
43.693668,-79.297234,172.61395684523143
43.693560000000005,-79.29722000000001,172.6139568521654
43.693544,-79.297402,-95.0240752593689
43.693528,-79.297584,-95.0240752593689
43.693512000000005,-79.29776600000001,-95.0240752567589
43.693496,-79.297948,-95.0240752593689
43.69348,-79.29813,-95.0240752593689
43.69346,-79.29829000000001,-97.1250163482755
43.693445000000004,-79.29843500000001,-95.90614111271681
43.693430000000006,-79.29858,-95.90614111329155
43.693425000000005,-79.298685,-92.72631099464313
43.69342,-79.29879000000001,-92.72631099464313
43.69341,-79.29888500000001,-96.00900595927912
43.693400000000004,-79.29898,-96.00900595593302
43.69339,-79.29912,-94.08561678121482
43.69335,-79.299295,-102.87500155923348
43.693310000000004,-79.29947,-102.87500155923348
43.693285,-79.299575,-103.3924977535764
43.69326,-79.29968000000001,-103.3924977535764
43.69323,-79.29981666666667,-102.38075693012418
43.693200000000004,-79.29995333333335,-102.38075692603458
43.69317,-79.30009000000001,-102.38075693012418
43.69326,-79.30013000000001,-23.96248897373878
43.693378571428575,-79.30018142857143,-23.448062576147333
43.69349714285715,-79.30023285714287,-23.448062581926965
43.69361571428572,-79.3002842857143,-23.448062576147333
43.693734285714285,-79.30033571428572,-23.448062577400748
43.69385285714286,-79.30038714285715,-23.448062576147333
43.69397142857143,-79.30043857142859,-23.448062581926965
43.69409,-79.30049000000001,-23.448062576147333
43.694215,-79.30054000000001,-21.801409487474878
43.694340000000004,-79.30059,-21.801409480736492
43.694457500000006,-79.30064250000001,-24.075498258642977
43.694575,-79.300695,-24.07549825415708
43.6946925,-79.3007475,-24.07549825286661
43.694810000000004,-79.30080000000001,-24.075498258642977
43.69491000000001,-79.30084000000001,-21.801409484947982
43.69501,-79.30088,-21.80140948635181
43.69511000000001,-79.30092,-21.801409484947982
43.69520333333334,-79.30096,-23.19859051312175
43.69529666666667,-79.301,-23.19859051312175
43.69539,-79.30104,-23.19859051312175
43.69547,-79.301075,-23.629377729588985
43.695550000000004,-79.30111000000001,-23.629377736262935
43.695620000000005,-79.30119,-48.81407483284926
43.695615000000004,-79.30135000000001,-91.78991060872269
43.69561,-79.30151000000001,-91.78991060888157
43.69556333333333,-79.30168333333334,-105.06848816016605
43.69551666666667,-79.30185666666667,-105.0684881591553
43.69547,-79.30203,-105.06848816016605
43.69544333333334,-79.30215666666668,-101.88865803752223
43.69541666666667,-79.30228333333334,-101.88865804189571
43.69539,-79.30241000000001,-101.88865803752223
43.695355000000006,-79.30256500000002,-102.72435568381005
43.69532,-79.30272000000001,-102.72435568743778
43.695285,-79.30288000000002,-102.33908727908504
43.69525,-79.30304000000001,-102.33908727771914
43.695215000000005,-79.3032,-102.33908727771914
43.69518,-79.30336000000001,-102.33908727908504
43.695150000000005,-79.30348000000001,-104.03624346632996
43.69511250000001,-79.30364125000001,-103.09189306317711
43.695075,-79.3038025,-103.09189306668634
43.695037500000005,-79.30396375000001,-103.09189306317711
43.69500000000001,-79.304125,-103.09189306429116
43.6949625,-79.30428625,-103.09189306557228
43.694925000000005,-79.30444750000001,-103.09189306317711
43.6948875,-79.30460875,-103.09189306668634
43.69485,-79.30477,-103.09189306317711
43.6948175,-79.3049175,-102.42594286685518
43.694785,-79.30506500000001,-102.4259428630629
43.69475250000001,-79.30521250000001,-102.42594286422289
43.694720000000004,-79.30536000000001,-102.42594286685518
43.69469000000001,-79.305475,-104.62087398719058
43.694660000000006,-79.30559000000001,-104.62087398877577
43.694630000000004,-79.30574,-101.30993247558604
43.6946,-79.30587000000001,-102.99461679168779
43.69470333333334,-79.30592333333334,-27.299572207920704
43.694806666666665,-79.30597666666668,-27.299572215748466
43.69491,-79.30603,-27.299572207920704
43.694885,-79.30616,-100.88552705512336
43.694860000000006,-79.30629,-100.88552705210341
43.694835000000005,-79.30640500000001,-102.2647737274515
43.694810000000004,-79.30652,-102.2647737289212
43.69478000000001,-79.306655,-102.52880770723571
43.694750000000006,-79.30679,-102.52880771010943
43.69471222222223,-79.30695222222222,-103.1092081984804
43.69467444444445,-79.30711444444445,-103.10920819737166
43.694636666666675,-79.30727666666667,-103.1092081984804
43.6945988888889,-79.3074388888889,-103.10920819737166
43.69456111111111,-79.30760111111111,-103.10920820086089
43.694523333333336,-79.30776333333334,-103.10920819737166
43.69448555555556,-79.30792555555556,-103.1092081984804
43.69444777777778,-79.30808777777779,-103.10920819737166
43.694410000000005,-79.30825,-103.1092081984804
43.694383333333334,-79.30837333333334,-102.20046872891493
43.69435666666667,-79.30849666666667,-102.20046872576144
43.69433,-79.30862,-102.20046872891493
43.6943,-79.30875666666667,-102.38075693012418
43.69427,-79.30889333333334,-102.38075692603458
43.69424,-79.30903,-102.38075693012418
43.694204,-79.309196,-102.23611151040407
43.694168,-79.30936200000001,-102.23611150938814
43.694132,-79.309528,-102.23611150806177
43.694096,-79.30969400000001,-102.23611150938814
43.69406,-79.30986,-102.23611151040407
43.69403,-79.309995,-102.52880771010943
43.694,-79.31013,-102.52880770723571
43.69397000000001,-79.310265,-102.52880770723571
43.693940000000005,-79.3104,-102.52880771010943
43.6939,-79.310555,-104.47029410268729
43.69386,-79.31071,-104.4702940989538
43.69383,-79.31083,-104.036243469523
43.6938,-79.31095,-104.03624346473346
43.69377,-79.31107,-104.036243469523
43.693740000000005,-79.31121,-102.0947570750262
43.693690000000004,-79.31138,-106.38954033481271
43.69364,-79.31155000000001,-106.38954033351618
43.6935975,-79.31172000000001,-104.0362434679265
43.693555,-79.31189,-104.0362434679265
43.693512500000004,-79.31206,-104.0362434679265
43.693470000000005,-79.31223,-104.0362434679265
43.69343333333334,-79.31238,-103.73626830511037
43.69339666666667,-79.31253,-103.73626830636245
43.693360000000006,-79.31268,-103.73626830511037
43.69332750000001,-79.31282250000001,-102.84770485638316
43.693295000000006,-79.312965,-102.84770486033754
43.6932625,-79.3131075,-102.84770486033754
43.69323000000001,-79.31325000000001,-102.84770485638316
43.69319,-79.31341,-104.03624347032127
43.69315,-79.31357000000001,-104.03624346672912
43.69312,-79.31373,-100.61965527738417
43.693110000000004,-79.31389,-93.57633437373009
43.693115000000006,-79.31401,-87.61405596876452
43.69312,-79.31413,-87.61405597243345
43.693115000000006,-79.31423000000001,-92.86240522286298
43.693110000000004,-79.31433000000001,-92.86240522692394
43.6931,-79.31449,-93.57633437626464
43.69307,-79.31463333333333,-101.82148834206274
43.69304,-79.31477666666667,-101.82148833820257
43.69301,-79.31492,-101.82148834206274
43.69298,-79.31505333333334,-102.68038349240106
43.69295,-79.31518666666666,-102.68038349080265
43.69292,-79.31532,-102.68038349240106
43.69288,-79.31549000000001,-103.24051991385244
43.692840000000004,-79.31566000000001,-103.24051991492026
43.69280500000001,-79.315745,-112.38013505051423
43.69277,-79.31583,-112.38013505460943
43.6927,-79.31591,-131.18592516715074
43.692615,-79.316,-133.36342295785198
43.692530000000005,-79.31609,-133.36342295785198
43.69245,-79.31618,-131.63353933797404
43.69238000000001,-79.31632,-116.56505117475166
43.69234,-79.31647000000001,-104.9314171796579
43.692303333333335,-79.31664166666667,-102.05676253425102
43.69226666666667,-79.31681333333334,-102.05676253328215
43.69223,-79.31698500000002,-102.05676253328215
43.692193333333336,-79.31715666666668,-102.05676253425102
43.69215666666667,-79.31732833333334,-102.05676253425102
43.69212,-79.31750000000001,-102.05676253328215
43.692082500000005,-79.31767,-102.43956201830923
43.69204500000001,-79.31784000000002,-102.43956201730172
43.6920075,-79.31801000000002,-102.43956202059286
43.691970000000005,-79.31818000000001,-102.43956201830923
43.69193214285715,-79.31835642857143,-102.11059776806523
43.69189428571429,-79.31853285714287,-102.11059776711855
43.691856428571434,-79.31870928571429,-102.11059776806523
43.69181857142858,-79.31888571428573,-102.11059776711855
43.69178071428572,-79.31906214285715,-102.11059776806523
43.69174285714286,-79.31923857142858,-102.11059776711855
43.691705,-79.319415,-102.11059777027118
43.69166714285714,-79.31959142857143,-102.11059776806523
43.691629285714285,-79.31976785714286,-102.11059776711855
43.69159142857143,-79.31994428571429,-102.11059776806523
43.69155357142857,-79.32012071428572,-102.11059776711855
43.691515714285714,-79.32029714285714,-102.11059776806523
43.69147785714286,-79.32047357142858,-102.11059776711855
43.69144,-79.32065,-102.11059776806523
43.6914,-79.32082714285714,-102.72435568514022
43.69136,-79.3210042857143,-102.72435568415267
43.691320000000005,-79.32118142857144,-102.72435568514022
43.69128,-79.32135857142858,-102.72435568732692
43.69124,-79.32153571428572,-102.72435568514022
43.6912,-79.32171285714287,-102.72435568415267
43.69116,-79.32189000000001,-102.72435568514022
43.69113,-79.32207000000001,-99.46232220875915
43.69111,-79.32223,-97.12501634890181
43.69111,-79.32236,-90
43.691120000000005,-79.32249,-85.6012946435676
43.691140000000004,-79.32265000000001,-82.87498365172453
43.691190000000006,-79.32278000000001,-68.96248897373879
43.691215,-79.32289,-77.19573393695276
43.69124,-79.32300000000001,-77.19573393503318
43.691250000000004,-79.32314000000001,-85.9143832187852
43.691250000000004,-79.32323500000001,-90
43.691250000000004,-79.32333000000001,-90
43.691230000000004,-79.32350000000001,-96.709836807618
43.6912,-79.3236375,-102.30801581891815
43.69117,-79.32377500000001,-102.30801581768486
43.691140000000004,-79.3239125,-102.30801581609188
43.69111,-79.32405,-102.30801581891815
43.69108333333334,-79.32417333333333,-102.20046872576144
43.69105666666667,-79.32429666666667,-102.20046872891493
43.691030000000005,-79.32442,-102.20046872576144
43.691005000000004,-79.32454000000001,-101.76828893147874
43.69098,-79.32466000000001,-101.76828893283353
43.690946000000004,-79.32482800000001,-101.44104386843486
43.690912000000004,-79.32499600000001,-101.44104386843486
43.690878000000005,-79.325164,-101.44104386937714
43.690844000000006,-79.325332,-101.44104386843486
43.690810000000006,-79.3255,-101.44104386843486
43.690780000000004,-79.325635,-102.52880771010943
43.69075,-79.32577,-102.52880771010943
43.690720000000006,-79.32594,-100.00797980007519
43.69068,-79.32609000000001,-104.9314171796579
43.69066,-79.32620500000002,-99.86580694203859
43.69064,-79.32632000000001,-99.86580694323378
43.69061000000001,-79.32644,-104.03624346632996
43.690580000000004,-79.32656,-104.036243469523
43.69054666666667,-79.32672333333333,-101.53462065403538
43.690513333333335,-79.32688666666667,-101.53462065403538
43.69048,-79.32705,-101.53462065403538
43.690455,-79.32715,-104.0362434679265
43.690430000000006,-79.32725,-104.03624346409485
43.690400000000004,-79.327405,-100.95406264478669
43.69037,-79.32756,-100.95406264380668
43.69035,-79.32765500000001,-101.88865803898005
43.69033,-79.32775000000001,-101.88865803898005
43.6903,-79.32789000000001,-102.09475707780646
43.690270000000005,-79.32802000000001,-102.9946167900868
43.690245000000004,-79.32813000000002,-102.80426606496682
43.690220000000004,-79.32824000000001,-102.80426606656648
43.690180000000005,-79.3284,-104.0362434679265
43.69014000000001,-79.32856000000001,-104.03624346672912
43.690110000000004,-79.32870000000001,-102.09475707780646
43.690070000000006,-79.32887333333335,-102.99461679123037
43.69003,-79.32904666666667,-102.99461679448956
43.68999,-79.32922,-102.99461679123037
43.689965,-79.32932000000001,-104.0362434679265
43.68994000000001,-79.32942000000001,-104.03624346409485
43.68990500000001,-79.32959500000001,-101.30993247312547
43.689870000000006,-79.32977000000001,-101.30993247536234
43.689840000000004,-79.32990000000001,-102.99461679306009
43.68981,-79.33003000000001,-102.99461679306009
43.689775,-79.33019000000002,-102.33908727908504
43.68974,-79.33035000000001,-102.33908727771914
43.689705000000004,-79.33052500000001,-101.30993247312547
43.68967000000001,-79.33070000000001,-101.30993247312547
43.68963500000001,-79.33086500000002,-101.9761324424862
43.689600000000006,-79.33103000000001,-101.97613244584898
43.689565,-79.33119500000001,-101.97613244584898
43.689530000000005,-79.33136000000002,-101.9761324424862
43.68949500000001,-79.33152500000001,-101.97613244348787
43.689460000000004,-79.33169000000001,-101.97613244584898
43.68943,-79.33182500000001,-102.52880771010943
43.689400000000006,-79.33196000000001,-102.52880770723571
43.689370000000004,-79.33209500000001,-102.52880771010943
43.68934,-79.33223000000001,-102.52880771010943
43.689305000000004,-79.332395,-101.97613244348787
43.68927,-79.33256,-101.97613244584898
43.689232000000004,-79.332738,-102.05078488195946
43.689194,-79.33291600000001,-102.0507848841469
43.689156000000004,-79.333094,-102.05078488289342
43.689118,-79.33327200000001,-102.0507848841469
43.689080000000004,-79.33345000000001,-102.05078488195946
43.68905,-79.33359,-102.09475707899801
43.689015,-79.333755,-101.97613244584898
43.68898,-79.33392,-101.9761324424862
43.6889475,-79.3340675,-102.42594286685518
43.688915,-79.334215,-102.42594286422289
43.688882500000005,-79.33436250000001,-102.4259428630629
43.68885,-79.33451000000001,-102.42594286685518
43.68882000000001,-79.33466000000001,-101.30993247193246
43.688790000000004,-79.33481,-101.30993247558604
43.688750000000006,-79.33498,-103.24051991492026
43.68872,-79.33515000000001,-100.00797980157796
43.68869,-79.33529,-102.09475707899801
43.68865,-79.33546000000001,-103.24051991385244
43.688610000000004,-79.33563000000001,-103.24051991492026
43.68857,-79.3358,-103.2405199171894
43.68853,-79.33597,-103.24051991492026
43.688500000000005,-79.33611333333334,-101.82148833820257
43.68847,-79.33625666666667,-101.82148834206274
43.68844000000001,-79.33640000000001,-101.82148833820257
43.68840666666667,-79.33656,-101.76828893283353
43.68837333333334,-79.33672000000001,-101.76828893181745
43.688340000000004,-79.33688000000001,-101.76828893283353
43.68830666666667,-79.33704,-101.76828893283353
43.688273333333335,-79.33720000000001,-101.76828893181745
43.68824,-79.33736,-101.76828893283353
43.688205,-79.33753000000002,-101.63363399718361
43.68817000000001,-79.33770000000001,-101.6336339981296
43.68813250000001,-79.33787000000001,-102.43956201830923
43.688095000000004,-79.33804,-102.43956202059286
43.6880575,-79.33821,-102.43956202059286
43.68802,-79.33838,-102.43956201830923
43.687983333333335,-79.33855666666668,-101.72511201453985
43.68794666666667,-79.33873333333334,-101.72511201545687
43.68791,-79.33891000000001,-101.72511201453985
43.68788,-79.33904000000001,-102.99461679306009
43.687850000000005,-79.33917000000001,-102.9946167900868
43.68782,-79.33930000000001,-102.99461679306009
43.687795,-79.33943000000001,-100.88552705512336
43.68777,-79.33956,-100.88552705512336
43.687736666666666,-79.33970666666667,-102.80426606576664
43.68770333333334,-79.33985333333334,-102.80426606312723
43.687670000000004,-79.34,-102.80426606576664
43.687645,-79.34012000000001,-101.76828893147874
43.68762,-79.34024000000001,-101.76828893283353
43.68759,-79.34037500000001,-102.52880771010943
43.687560000000005,-79.34051000000001,-102.52880770723571
43.68753,-79.34066,-101.30993247558604
43.68750000000001,-79.34079000000001,-102.99461678871451
43.687450000000005,-79.34093,-109.65382406026387
43.687400000000004,-79.34104,-114.44395477985887
43.687355000000004,-79.34112,-119.3577535437577
43.687310000000004,-79.3412,-119.3577535437577
43.68726,-79.34131000000001,-114.44395477985887
43.68721,-79.34143,-112.6198649494858
43.68717,-79.34156,-107.10272896861225
43.68713666666667,-79.34171666666667,-102.01147838657702
43.68710333333334,-79.34187333333334,-102.01147838409098
43.687070000000006,-79.34203000000001,-102.01147838657702
43.68703642857143,-79.34219928571429,-101.21691992793615
43.687002857142865,-79.34236857142858,-101.21691992470454
43.68696928571429,-79.34253785714287,-101.21691992701841
43.68693571428572,-79.34270714285715,-101.21691992793615
43.68690214285715,-79.34287642857143,-101.21691992562228
43.686868571428576,-79.34304571428572,-101.21691992701841
43.686835,-79.34321500000001,-101.21691992701841
43.686801428571435,-79.3433842857143,-101.21691992562228
43.68676785714286,-79.34355357142857,-101.21691992793615
43.686734285714294,-79.34372285714286,-101.21691992470454
43.68670071428572,-79.34389214285716,-101.21691992701841
43.68666714285715,-79.34406142857144,-101.21691992793615
43.68663357142858,-79.34423071428571,-101.21691992562228
43.686600000000006,-79.34440000000001,-101.21691992701841
43.686580000000006,-79.34453,-98.74616226231988
43.686555000000006,-79.344665,-100.49147701265557
43.686530000000005,-79.3448,-100.49147701265557
43.686505000000004,-79.34491500000001,-102.2647737274515
43.68648,-79.34503000000001,-102.2647737289212
43.68645,-79.34519,-100.61965527738417
43.68643,-79.34529,-101.30993247323731
43.68641,-79.34539000000001,-101.30993247323731
43.686370000000004,-79.34556,-103.24051991492026
43.68632,-79.34571500000001,-107.87869659568787
43.68627,-79.34587,-107.87869659722269
43.686225,-79.34598,-112.24902365865347
43.68618,-79.34609,-112.2490236560595
43.68614,-79.346175,-115.20112364501375
43.6861,-79.34626,-115.20112364501375
43.686040000000006,-79.3464,-113.19859051259532
43.68598,-79.34656000000001,-110.55604522014117
43.685943333333334,-79.34667666666668,-107.44718842264705
43.68590666666667,-79.34679333333334,-107.44718842464327
43.68587,-79.34691000000001,-107.44718842264705
43.68583666666667,-79.34708666666667,-100.68491240067449
43.68580333333334,-79.34726333333334,-100.68491239760961
43.685770000000005,-79.34744,-100.68491240067449
43.68574,-79.34757333333334,-102.68038349240106
43.68571000000001,-79.34770666666667,-102.68038349080265
43.685680000000005,-79.34784,-102.68038349240106
43.68565,-79.348005,-100.30484646985168
43.68562,-79.34817000000001,-100.30484646898317
43.685585,-79.34835000000001,-101.00354085078092
43.685550000000006,-79.34853000000001,-101.00354085078092
43.685520000000004,-79.34869,-100.61965527738417
43.685495,-79.34883,-100.12467165559912
43.68547,-79.34897000000001,-100.12467165559912
43.6854425,-79.34911000000001,-101.1130405364483
43.685415000000006,-79.34925000000001,-101.11304053364839
43.685387500000004,-79.34939,-101.11304053754826
43.68536,-79.34953,-101.1130405364483
43.685325000000006,-79.349705,-101.30993247312547
43.68529,-79.34988000000001,-101.3099324744676
43.68525666666667,-79.35004166666668,-101.65029943763729
43.68522333333333,-79.35020333333334,-101.65029943863338
43.685190000000006,-79.35036500000001,-101.65029943522175
43.68515666666667,-79.35052666666668,-101.65029943763729
43.68512333333334,-79.35068833333334,-101.65029943863338
43.68509,-79.35085000000001,-101.65029943763729
43.685055000000006,-79.35103000000001,-101.00354085078092
43.68502,-79.35121000000001,-101.00354085296024
43.684985000000005,-79.35139000000001,-101.00354085078092
43.68495000000001,-79.35157000000001,-101.00354085078092
43.684915000000004,-79.35175000000001,-101.00354085296024
43.68488000000001,-79.35193000000001,-101.00354085078092
43.684847500000004,-79.35210000000001,-100.82301122743021
43.68481500000001,-79.35227,-100.82301122511988
43.684782500000004,-79.35244,-100.82301122743021
43.68475000000001,-79.35261,-100.82301122511988
43.684717500000005,-79.35278000000001,-100.82301122654687
43.684685,-79.35295,-100.82301122743021
43.684652500000006,-79.35312,-100.82301122511988
43.68462,-79.35329,-100.82301122743021
43.68458571428572,-79.35346857142858,-100.86852533972896
43.68455142857143,-79.35364714285714,-100.8685253405733
43.684517142857146,-79.35382571428572,-100.86852533972896
43.68448285714286,-79.35400428571428,-100.8685253405733
43.684448571428575,-79.35418285714286,-100.86852533972896
43.68441428571429,-79.35436142857142,-100.8685253405733
43.684380000000004,-79.35454,-100.86852533972896
43.68435,-79.35469,-101.30993247454217
43.68432000000001,-79.35484000000001,-101.30993247193246
43.684290000000004,-79.35499,-101.30993247558604
43.68426000000001,-79.35514,-101.30993247193246
43.68423000000001,-79.35529000000001,-101.30993247454217
43.684203333333336,-79.35542000000001,-101.5921754119863
43.68417666666667,-79.35555000000001,-101.59217540898113
43.68415,-79.35568,-101.5921754119863
43.6841175,-79.35584750000001,-100.9806500110126
43.684085,-79.35601500000001,-100.98065000867025
43.68405250000001,-79.3561825,-100.98065000957924
43.684020000000004,-79.35635,-100.9806500110126
43.68399333333334,-79.35648,-101.59217540898113
43.68396666666667,-79.35661,-101.5921754119863
43.68394000000001,-79.35674,-101.59217540898113
43.68392,-79.35690000000001,-97.12501635078078
43.683930000000004,-79.35706,-86.42366562373539
43.68396,-79.35715,-71.56505117979206
43.68399,-79.35724,-71.56505117572097
43.68406,-79.35735000000001,-57.5288077103489
43.68413,-79.35744000000001,-52.12501634858864
43.68422,-79.35749000000001,-29.05460409984528
43.68432000000001,-79.35752000000001,-16.69924423100565
43.68444,-79.35751,4.763641692410776
43.684560000000005,-79.357495,7.125016350989545
43.68468,-79.35748000000001,7.125016344726301
43.68479000000001,-79.35747,5.194428909069597
43.684900000000006,-79.35748000000001,-5.194428909403293
43.685,-79.3575,-11.309932470105686
43.68511,-79.35754,-19.98310652130566
43.685230000000004,-79.35762000000001,-33.69006752911141
43.68531,-79.35768,-36.869897642587134
43.68539,-79.357755,-43.1523897333283
43.68547,-79.35783,-43.152389736206004
43.68554,-79.3579,-44.99999999709206
43.685610000000004,-79.35797000000001,-45.00000000290794
43.685715,-79.3580675,-42.87890360259497
43.68582000000001,-79.35816500000001,-42.878903604825716
43.685925000000005,-79.35826250000001,-42.87890360259497
43.68603,-79.35836,-42.87890360259497
43.68611,-79.35845,-48.36646066455287
43.68619,-79.35854,-48.36646066202597
43.68627,-79.35863,-48.36646066455287
43.686350000000004,-79.358715,-46.73570458698621
43.68643,-79.3588,-46.73570458952598
43.686510000000006,-79.3589,-51.34019174541344
43.686580000000006,-79.35902,-59.74356283520511
43.686620000000005,-79.35916,-74.05460409984528
43.686640000000004,-79.35932000000001,-82.87498365172453
43.686640000000004,-79.35946000000001,-90
43.686640000000004,-79.3596,-90
43.686645,-79.35971,-87.39743780052206
43.68665,-79.35982000000001,-87.39743779682867
43.68668,-79.35998000000001,-79.38034472261585
43.68672,-79.3601,-71.56505117707799
43.68679,-79.36024,-63.43494882292201
43.68686,-79.36036,-59.74356283520511
43.686930000000004,-79.36048000000001,-59.74356283815824
43.687000000000005,-79.3606,-59.74356283520511
43.68705,-79.36068,-57.99461679374622
43.6871,-79.36076000000001,-57.994616794661084
43.687160000000006,-79.36086,-59.03624346313694
43.68722,-79.36096,-59.03624346972256
43.687290000000004,-79.36108000000002,-59.74356283815824
43.687360000000005,-79.36120000000001,-59.74356283520511
43.687430000000006,-79.36131,-57.52880770699622
43.68751,-79.36143000000001,-56.30993247715184
43.687580000000004,-79.36151000000001,-48.81407483284926
43.68768,-79.36161000000001,-45.000000002035556
43.68779000000001,-79.36167,-28.610459660779092
43.68791,-79.36174000000001,-30.256437167326162
43.687975,-79.36177500000001,-28.3007557641389
43.68804,-79.36181,-28.3007557641389
43.68816,-79.36187000000001,-26.565051178435027
43.68826000000001,-79.36192000000001,-26.56505117707799
43.688340000000004,-79.36198000000002,-36.869897649100906
43.68842,-79.36204000000001,-36.869897642587134
43.68849,-79.36209500000001,-38.15722658865332
43.68856,-79.36215,-38.15722658146145
43.68863,-79.36221,-40.60129464692028
43.688700000000004,-79.36227000000001,-40.60129464692028
43.68878,-79.36237000000001,-51.340191747895815
43.68883,-79.36250000000001,-68.96248897373879
43.688860000000005,-79.36263000000001,-77.00538320693992
43.688840000000006,-79.36279,-97.12501634890181
43.688790000000004,-79.36293,-109.65382405842173
43.688700000000004,-79.36306,-124.69515353155967
43.688590000000005,-79.36312000000001,-151.38954033196032
43.68849,-79.36313000000001,-174.28940686088805
43.68837500000001,-79.36315000000002,-170.13419305333008
43.68826000000001,-79.36317000000001,-170.1341930608
43.68816,-79.36319,-168.69006753067723
43.68807,-79.36326000000001,-142.1250163457702
43.688,-79.36341,-115.01689347973445
43.688045,-79.363485,-59.03624346632997
43.68809,-79.36356,-59.036243471119505
43.68818,-79.3636,-23.96248897373878
43.688255,-79.36362,-14.931417173407631
43.68833,-79.36364,-14.93141718219177
43.688410000000005,-79.36365500000001,-10.619655278920417
43.68849,-79.36367000000001,-10.619655279842178
43.68858,-79.36368000000002,-6.340191747895816
43.68867,-79.36369,-6.340191738959235
43.688745000000004,-79.363685,3.8140748353711795
43.68882000000001,-79.36368,3.8140748353711795
43.688900000000004,-79.363665,10.619655279842178
43.68898,-79.36365,10.619655270010062
43.689080000000004,-79.36362000000001,16.69924423100565
43.68916,-79.36359000000002,20.55604521735272
43.689240000000005,-79.36356,20.55604522460264
43.68936,-79.3635,26.56505117979206
43.689425,-79.36346,31.607502245550002
43.689490000000006,-79.36342,31.607502242754386
43.68959,-79.36335000000001,34.99202019719252
43.68965,-79.36330000000001,39.805571094267385
43.689710000000005,-79.36325000000001,39.8055710909304
43.689780000000006,-79.36318,45.00000000290794
43.68985000000001,-79.36311,44.99999999709206
43.689915000000006,-79.36303000000001,50.906141113004175
43.689980000000006,-79.36295000000001,50.906141113004175
43.69007500000001,-79.36283,51.6325146168764
43.69017,-79.36271,51.63251461565985
43.690265000000004,-79.362595,50.440332032469286
43.690360000000005,-79.36248,50.44033202899283
43.690425000000005,-79.362405,49.08561678390134
43.690490000000004,-79.36233,49.08561677852829
43.69056500000001,-79.36226,43.025065985636786
43.69064,-79.36219000000001,43.02506598834441
43.690715000000004,-79.36213500000001,36.25383773815077
43.69079000000001,-79.36208,36.25383773815077
43.690870000000004,-79.36202,36.869897649100906
43.690945,-79.36198,28.072486936416432
43.69102,-79.36194,28.072486934162537
43.691095000000004,-79.36191000000001,21.80140948260826
43.69117000000001,-79.36188000000001,21.80140948260826
43.69127,-79.36184,21.80140949337097
43.69136,-79.36182000000001,12.52880770436197
43.691445,-79.36181,6.709836809980065
43.69153,-79.3618,6.709836809980065
43.691615,-79.36179000000001,6.709836800531755
43.691700000000004,-79.36178000000001,6.709836809424283
43.691790000000005,-79.36179000000001,-6.340191747895816
43.691880000000005,-79.3618,-6.340191738959235
43.69196000000001,-79.36181,-7.125016350780772
43.692040000000006,-79.36182000000001,-7.125016351407097
43.69214,-79.36185,-16.69924423212614
43.692215000000004,-79.36188000000001,-21.801409491967135
43.69229000000001,-79.36191000000001,-21.80140948260826
43.69238000000001,-79.36195000000001,-23.96248897373878
43.69249000000001,-79.36201000000001,-28.61045966803967
43.692565,-79.36205500000001,-30.96375653367004
43.692640000000004,-79.36210000000001,-30.963756531275266
43.6927,-79.36214500000001,-36.86989764692965
43.69276000000001,-79.36219000000001,-36.869897643672765
43.69286,-79.36228000000001,-41.987212496941275
43.69292,-79.362345,-47.29061004029732
43.692980000000006,-79.36241000000001,-47.2906100431588
43.693045000000005,-79.362485,-49.08561677852829
43.693110000000004,-79.36256,-49.08561677852829
43.69319,-79.36267000000001,-53.97262661753712
43.69324,-79.36274500000002,-56.30993247652551
43.693290000000005,-79.36282000000001,-56.30993247151492
43.693360000000006,-79.36294000000001,-59.74356283520511
43.693405000000006,-79.36303500000001,-64.65382405842173
43.693450000000006,-79.36313000000001,-64.65382405842173
43.693490000000004,-79.363235,-69.14554195945426
43.69353,-79.36334000000001,-69.14554196203397
43.693580000000004,-79.36351,-73.61045966518729
43.69361500000001,-79.36362500000001,-73.07248693514862
43.693650000000005,-79.36374,-73.07248693641642
43.693675000000006,-79.36385000000001,-77.19573393503318
43.69370000000001,-79.36396,-77.19573393343353
43.69372333333334,-79.36410000000001,-80.53767779291749
43.69374666666667,-79.36424000000001,-80.53767779291749
43.69377,-79.36438000000001,-80.53767779291749
43.69379000000001,-79.364485,-79.21570212816141
43.693810000000006,-79.36459,-79.21570213332824
43.69383666666667,-79.36474000000001,-79.91940201403624
43.69386333333334,-79.36489,-79.91940201046987
43.69389,-79.36504000000001,-79.91940201403624
43.693915000000004,-79.36518000000001,-79.8753283444009
43.693940000000005,-79.36532000000001,-79.8753283444009
43.693965000000006,-79.365465,-80.21759296715848
43.69399000000001,-79.36561,-80.2175929680987
43.69402,-79.36574,-77.0053832099132
43.69404,-79.36584,-78.69006752676269
43.69406,-79.36594000000001,-78.69006752676269
43.694100000000006,-79.366095,-75.52970589731272
43.694140000000004,-79.36625000000001,-75.52970590104623
43.694205000000004,-79.36641,-67.89055165570232
43.69427,-79.36657000000001,-67.89055165747683
43.694305,-79.36666000000001,-68.74949449461307
43.694340000000004,-79.36675000000001,-68.74949449068386
43.69438,-79.36683500000001,-64.79887635498625
43.69442,-79.36692000000001,-64.79887635498625
43.694465,-79.36701000000001,-63.43494882292201
43.69451,-79.36710000000001,-63.43494882292201
43.694565,-79.36719000000001,-58.5704343869912
43.69462,-79.36728000000001,-58.57043438369772
43.69467,-79.367365,-59.53445507928426
43.694720000000004,-79.36745,-59.53445507928426
43.694790000000005,-79.36755000000001,-55.0079798019878
43.69487000000001,-79.367675,-57.38075692686636
43.694950000000006,-79.3678,-57.380756929176854
43.695035000000004,-79.367935,-57.804266065766654
43.69512,-79.36807,-57.804266065766654
43.695190000000004,-79.36818,-57.52880770699622
43.695260000000005,-79.36829,-57.5288077103489
43.695345,-79.36842000000001,-56.82148834364477
43.69543,-79.36855000000001,-56.82148834077601
43.695512,-79.36867800000002,-57.35535986614059
43.695594,-79.368806,-57.35535986325128
43.695676000000006,-79.36893400000001,-57.35535986388552
43.695758000000005,-79.369062,-57.35535986325128
43.695840000000004,-79.36919,-57.35535986614059
43.695910000000005,-79.36930000000001,-57.5288077103489
43.695955000000005,-79.369375,-59.03624346632997
43.696000000000005,-79.36945,-59.03624346632997
43.69606,-79.36956,-61.38954033636854
43.6961,-79.36968,-71.56505117707799
43.696125,-79.36979500000001,-77.73522627254852
43.69615,-79.36991,-77.73522627107882
43.696155000000005,-79.37001000000001,-87.13759477307606
43.696160000000006,-79.37011000000001,-87.13759477307606
43.696155000000005,-79.370205,-93.0127875055329
43.69615,-79.3703,-93.01278750508304
43.696135,-79.370405,-98.13010235632726
43.69612,-79.37051000000001,-98.13010235252754
43.69609,-79.37064500000001,-102.52880771010943
43.69606,-79.37078000000001,-102.52880770723571
43.696020000000004,-79.37095000000001,-103.24051991492026
43.69601,-79.37111,-93.57633437626464
43.69603,-79.37124,-81.25383773768013
43.696090000000005,-79.37138,-66.80140948494798
43.696180000000005,-79.37146000000001,-41.63353934050093
43.696290000000005,-79.3714975,-18.824710013944774
43.696400000000004,-79.37153500000001,-18.824710020576106
43.69651,-79.37157250000001,-18.824710020576106
43.69662,-79.37161,-18.824710013944774
43.69673,-79.37165,-19.98310652130566
43.696755,-79.37174,-74.47588900277914
43.696780000000004,-79.37183,-74.47588900277914
43.696765,-79.37193,-98.53076561233705
43.69675,-79.37203000000001,-98.53076560835554
43.69673,-79.37214500000002,-99.86580694203859
43.69671,-79.37226000000001,-99.86580694323378
43.696690000000004,-79.37241,-97.59464336876924
43.696670000000005,-79.37257,-97.12501634890181
43.696650000000005,-79.37273,-97.1250163482755
43.69662,-79.37288000000001,-101.30993247454217
43.696600000000004,-79.37304,-97.12501634890181
43.696580000000004,-79.37317,-98.74616226231988
43.69655,-79.37332,-101.30993247454217
43.69652000000001,-79.37347000000001,-101.30993247193246
43.696495000000006,-79.37361000000001,-100.12467165559912
43.696470000000005,-79.37375,-100.12467165660557
43.696445000000004,-79.373875,-101.30993247464656
43.69642,-79.37400000000001,-101.3099324733939
43.69639333333334,-79.37412,-102.52880770807387
43.69636666666667,-79.37424000000001,-102.52880770986994
43.696340000000006,-79.37436000000001,-102.52880770807387
43.696315000000006,-79.37445500000001,-104.74356283668169
43.696290000000005,-79.37455000000001,-104.74356283668169
43.69626,-79.37470666666668,-100.8403054550239
43.69623000000001,-79.37486333333334,-100.84030545347723
43.696200000000005,-79.37502,-100.8403054550239
43.69616666666667,-79.37516333333333,-103.0918930653495
43.696133333333336,-79.37530666666667,-103.0918930640962
43.6961,-79.37545,-103.0918930653495
43.69607500000001,-79.37556000000001,-102.80426606144759
43.69605000000001,-79.37567,-102.80426606656648
43.696015,-79.375845,-101.30993247536234
43.695980000000006,-79.37602000000001,-101.30993247223071
43.69594500000001,-79.37619500000001,-101.30993247312547
43.695910000000005,-79.37637000000001,-101.30993247536234
43.695873000000006,-79.376541,-102.20911975853616
43.69583600000001,-79.37671200000001,-102.20911975755196
43.695799,-79.376883,-102.20911976081044
43.695762,-79.37705400000002,-102.20911975755196
43.695725,-79.37722500000001,-102.20911975853616
43.695688000000004,-79.377396,-102.20911975853616
43.695651000000005,-79.37756700000001,-102.20911975755196
43.695614,-79.37773800000001,-102.20911976081044
43.695577,-79.37790900000002,-102.20911975755196
43.69554,-79.37808000000001,-102.20911975853616
43.6955,-79.37825500000001,-102.87500155923348
43.695460000000004,-79.37843000000001,-102.87500155923348
43.69543,-79.37857500000001,-101.6893691760891
43.69540000000001,-79.37872,-101.68936917451079
43.695373333333336,-79.37885,-101.5921754119863
43.69534666666667,-79.37898000000001,-101.59217540774824
43.69532,-79.37911000000001,-101.5921754119863
43.695285,-79.37927000000002,-102.33908727908504
43.69525,-79.37943000000001,-102.33908727771914
43.695220000000006,-79.37953000000002,-106.69924423100566
43.695190000000004,-79.37963,-106.6992442369816
43.69516,-79.37977000000001,-102.09475707780646
43.69509,-79.37988,-122.4711922930038
43.69505,-79.38003,-104.931417177124
43.695,-79.38019000000001,-107.35402463597157
43.694950000000006,-79.38034,-108.4349488221078
43.69489,-79.38048,-113.19859051505205
43.69483,-79.38058000000001,-120.96375653027744
43.694770000000005,-79.38068000000001,-120.96375653027744
43.69470333333334,-79.38077333333334,-125.53767779527527
43.694636666666675,-79.38086666666668,-125.53767778826086
43.694570000000006,-79.38096,-125.53767779527527
43.694495,-79.38106,-126.86989764584402
43.69442,-79.38116000000001,-126.86989764584402
43.69433,-79.38128,-126.86989764692966
43.694280000000006,-79.381365,-120.46554491715743
43.694230000000005,-79.38145,-120.46554492071576
43.6942,-79.38160666666667,-100.8403054550239
43.69417000000001,-79.38176333333334,-100.84030545251724
43.694140000000004,-79.38192000000001,-100.8403054550239
43.69411,-79.38210000000001,-99.46232220875915
43.69408333333334,-79.38222333333334,-102.20046872576144
43.69405666666667,-79.38234666666668,-102.20046872891493
43.694030000000005,-79.38247000000001,-102.20046872576144
43.694005000000004,-79.38258000000002,-102.80426606496682
43.69398,-79.38269000000001,-102.80426606656648
43.693955,-79.38281500000001,-101.30993247464656
43.69393,-79.38294,-101.30993247464656
43.69390333333334,-79.38306,-102.52880770807387
43.69387666666667,-79.38318000000001,-102.52880770986994
43.693850000000005,-79.3833,-102.52880770807387
43.693825000000004,-79.38342,-101.76828893283353
43.6938,-79.38354000000001,-101.76828893147874
43.69376714285715,-79.38369571428572,-101.91514707089762
43.693734285714285,-79.38385142857143,-101.91514707340065
43.69370142857143,-79.38400714285714,-101.91514707089762
43.693668571428574,-79.38416285714287,-101.9151470698413
43.69363571428572,-79.38431857142858,-101.91514707089762
43.69360285714286,-79.38447428571429,-101.91514707340065
43.69357,-79.38463,-101.91514707089762
43.693443333333335,-79.38457666666667,157.1663458246688
43.69331666666667,-79.38452333333333,157.16634581920874
43.69319,-79.38447000000001,157.1663458246688
43.69307125,-79.38442,157.16634582116288
43.692952500000004,-79.38437,157.16634582116288
43.692833750000005,-79.38432,157.16634582116288
43.69271500000001,-79.38427000000001,157.16634582698697
43.69259625,-79.38422000000001,157.166345822389
43.6924775,-79.38417000000001,157.16634582116288
43.692358750000004,-79.38412000000001,157.16634582116288
43.692240000000005,-79.38407000000001,157.16634582116288
43.692175000000006,-79.38404500000001,158.9624889791949
43.69211000000001,-79.38402,158.96248896828266
43.69201,-79.38397750000001,156.9745079959547
43.69191000000001,-79.38393500000001,156.9745079875927
43.691810000000004,-79.3838925,156.97450798905817
43.69171,-79.38385000000001,156.9745079959547
43.69161,-79.38381000000001,158.19859051505202
43.69151,-79.38377,158.19859050662905
43.691410000000005,-79.38373,158.19859051364818
43.69131,-79.38369,158.19859051505202
43.691206,-79.38365,158.96248897536512
43.691102,-79.38361,158.96248897536512
43.69099800000001,-79.38357,158.96248897405357
43.69089400000001,-79.38353000000001,158.96248897536512
43.69079000000001,-79.38349000000001,158.96248897536512
43.69068250000001,-79.38345000000001,159.59011716666018
43.69057500000001,-79.38341,159.59011716000717
43.690467500000004,-79.38337,159.59011716789794
43.690360000000005,-79.38333,159.59011716666018
43.69033,-79.38346,-102.99461679306009
43.690310000000004,-79.38357,-100.30484646778896
43.690290000000005,-79.38368000000001,-100.30484646778896
43.69026,-79.38381000000001,-102.99461679306009
43.690235,-79.38393,-101.76828893283353
43.69021,-79.38405,-101.76828893283353
43.69018,-79.3842,-101.30993247454217
43.69015,-79.38435000000001,-101.30993247193246
43.690115000000006,-79.38451250000001,-102.15494169604355
43.69008,-79.38467500000002,-102.15494169843778
43.690045,-79.3848375,-102.15494169946913
43.69001,-79.385,-102.15494169604355
43.689975000000004,-79.38516333333334,-102.09475707599078
43.68994,-79.38532666666667,-102.09475707837387
43.689905,-79.38549,-102.09475707599078
43.689870000000006,-79.38565333333334,-102.09475707599078
43.689835,-79.38581666666667,-102.09475707837387
43.689800000000005,-79.38598,-102.09475707599078
43.68976666666667,-79.38614,-101.76828893283353
43.689733333333336,-79.3863,-101.76828893181745
43.6897,-79.38646,-101.76828893283353
43.68967000000001,-79.386595,-102.52880770723571
43.689640000000004,-79.38673,-102.52880771010943
43.68961,-79.386865,-102.52880771010943
43.68958000000001,-79.387,-102.52880770723571
43.689550000000004,-79.38717,-100.00797980239764
43.68952,-79.38734000000001,-100.00797980157796
43.68948625,-79.3875,-101.91121543242836
43.6894525,-79.38766000000001,-101.91121543140065
43.68941875,-79.38782,-101.91121543242836
43.689385,-79.38798,-101.91121543242836
43.68935125,-79.38814,-101.91121543140065
43.6893175,-79.3883,-101.91121543242836
43.68928375,-79.38846000000001,-101.91121543140065
43.68925,-79.38862,-101.91121543242836
43.68921,-79.38877000000001,-104.931417177124
43.68918,-79.38893,-100.61965527738417
43.68915,-79.389065,-102.52880771010943
43.68912,-79.3892,-102.52880770723571
43.68909666666667,-79.38932333333334,-100.71312302175748
43.68907333333333,-79.38944666666667,-100.71312302494431
43.68905,-79.38957,-100.71312302175748
43.68902,-79.38974,-100.00797980239764
43.688990000000004,-79.38991,-100.00797980007519
43.68896,-79.39005,-102.09475707780646
43.688928000000004,-79.390198,-102.20046872674158
43.688896,-79.39034600000001,-102.20046872823309
43.688864,-79.390494,-102.20046872674158
43.688832,-79.39064200000001,-102.20046872823309
43.6888,-79.39079000000001,-102.20046872674158
43.688765000000004,-79.39096500000001,-101.30993247312547
43.68873000000001,-79.39114000000001,-101.30993247312547
43.688695,-79.391315,-101.30993247536234
43.688660000000006,-79.39149,-101.30993247312547
43.68864000000001,-79.391585,-101.88865803898005
43.68862,-79.39168000000001,-101.88865804308355
43.688586666666666,-79.39184,-101.76828893283353
43.68855333333333,-79.39200000000001,-101.76828893181745
43.68852,-79.39216,-101.76828893283353
43.68848666666667,-79.39232,-101.76828893039492
43.688453333333335,-79.39248,-101.76828893181745
43.68842,-79.39264,-101.76828893283353
43.68838,-79.39281333333334,-102.99461679123037
43.688340000000004,-79.39298666666667,-102.99461679123037
43.688300000000005,-79.39316000000001,-102.99461679123037
43.68831,-79.39329000000001,-85.60129464668081
43.688276,-79.393456,-101.57518881767979
43.688242,-79.39362200000001,-101.57518881671561
43.688208,-79.393788,-101.57518881767979
43.688174000000004,-79.39395400000001,-101.57518881671561
43.688140000000004,-79.39412,-101.57518881767979
43.68813,-79.39428000000001,-93.57633437594782
43.68811,-79.394385,-100.78429786809711
43.68809,-79.39449,-100.78429786667178
43.688050000000004,-79.39464000000001,-104.931417177124
43.688010000000006,-79.39476,-108.43494882292202
43.68798,-79.39489,-102.99461679306009
43.68794666666667,-79.39506666666666,-100.68491240067449
43.68791333333334,-79.39524333333334,-100.68491239760961
43.68788000000001,-79.39542,-100.68491240067449
43.68785333333334,-79.39555333333334,-101.30993247519457
43.68782666666667,-79.39568666666666,-101.30993247343304
43.6878,-79.39582,-101.30993247519457
43.687780000000004,-79.39592,-101.30993247323731
43.687760000000004,-79.39602000000001,-101.30993247323731
43.687733333333334,-79.39614333333334,-102.20046872891493
43.68770666666667,-79.39626666666668,-102.20046872576144
43.68768,-79.39639000000001,-102.20046872891493
43.68766,-79.39649,-101.30993247480313
43.68764,-79.39659,-101.30993247323731
43.68760666666667,-79.39673,-103.39249775401319
43.68757333333334,-79.39687,-103.39249775126125
43.687540000000006,-79.39701000000001,-103.39249775401319
43.687520000000006,-79.39712500000002,-99.86580694203859
43.68750000000001,-79.39724000000001,-99.86580694323378
43.687470000000005,-79.39739,-101.30993247558604
43.687445000000004,-79.39752000000001,-100.88552705396185
43.68742,-79.39765000000001,-100.88552705512336
43.687395,-79.39778500000001,-100.49147701265557
43.68737,-79.39792000000001,-100.49147701265557
43.68735,-79.39806,-98.1301023545631
43.6873225,-79.398195,-101.51383118513047
43.687295000000006,-79.39833,-101.51383118223497
43.687267500000004,-79.398465,-101.51383118513047
43.68724,-79.3986,-101.51383118513047
43.68722,-79.398695,-101.88865803898005
43.687200000000004,-79.39879,-101.88865803898005
43.687175,-79.3989,-102.80426606656648
43.68715,-79.39901,-102.80426606496682
43.68712,-79.39916000000001,-101.30993247454217
43.68709666666667,-79.39929000000001,-100.1755108422653
43.68707333333334,-79.39942,-100.1755108422653
43.687050000000006,-79.39955,-100.1755108422653
43.687015,-79.39971500000001,-101.9761324448473
43.686980000000005,-79.39988000000001,-101.97613244348787
43.686953333333335,-79.40003000000002,-100.0805979885947
43.68692666666667,-79.40018,-100.08059798689922
43.6869,-79.40033000000001,-100.0805979885947
43.686865,-79.400485,-102.72435568743778
43.68683,-79.40064000000001,-102.72435568381005
43.68681,-79.40078000000001,-98.13010235374888
43.686795000000004,-79.40088500000002,-98.13010235252754
43.686780000000006,-79.40099000000001,-98.13010235361318
43.68676000000001,-79.40114000000001,-97.59464336805813
43.68674,-79.40124500000002,-100.78429787041327
43.68672,-79.40135000000001,-100.78429786809711
43.686690000000006,-79.40151,-100.61965527492612
43.68667500000001,-79.40161,-98.53076560835554
43.68666,-79.40171000000001,-98.53076561233705
43.68663,-79.40186000000001,-101.30993247454217
43.686605,-79.40199000000001,-100.88552705512336
43.686580000000006,-79.40212000000001,-100.88552705210341
43.68654,-79.40228,-104.03624347032127
43.686510000000006,-79.40242,-102.0947570750262
43.68648,-79.40255,-102.99461679306009
43.6864525,-79.4026975,-100.56101069201017
43.686425,-79.40284500000001,-100.56101069101555
43.686397500000005,-79.40299250000001,-100.5610106893428
43.686370000000004,-79.40314000000001,-100.56101069201017
43.686338000000006,-79.40330200000001,-101.17383824070993
43.686306,-79.40346400000001,-101.17383824312857
43.686274000000004,-79.403626,-101.17383824166544
43.686242,-79.403788,-101.17383824312857
43.68621,-79.40395000000001,-101.17383824070993
43.686176,-79.404114,-101.71247231102947
43.686142000000004,-79.404278,-101.71247231102947
43.686108000000004,-79.40444200000002,-101.7124723100426
43.686074000000005,-79.40460600000002,-101.71247231102947
43.686040000000006,-79.40477000000001,-101.71247231102947
43.686015000000005,-79.40488000000002,-102.80426606496682
43.685990000000004,-79.40499000000001,-102.80426606656648
43.685975,-79.40509,-98.53076561353151
43.68596,-79.40519,-98.53076560835554
43.685930000000006,-79.40536,-100.00797980007519
43.685900000000004,-79.40549,-102.99461679306009
43.68587,-79.40565000000001,-100.6196552764624
43.685840000000006,-79.40580000000001,-101.30993247193246
43.6858,-79.40597000000001,-103.2405199171894
43.68577333333334,-79.40609,-102.52880770807387
43.68574666666667,-79.40621000000002,-102.52880770986994
43.68572,-79.40633000000001,-102.52880770807387
43.6856875,-79.406495,-101.14288985970687
43.685655000000004,-79.40666000000002,-101.142889856396
43.68562250000001,-79.40682500000001,-101.14288985733168
43.685590000000005,-79.40699000000001,-101.14288985970687
43.68556000000001,-79.40716,-100.00797980007519
43.68553000000001,-79.40733,-100.00797980239764
43.685500000000005,-79.40748,-101.30993247454217
43.68546500000001,-79.40763000000001,-103.13402230485195
43.685430000000004,-79.40778,-103.13402230862707
43.685410000000005,-79.40788500000001,-100.78429786667178
43.685390000000005,-79.40799000000001,-100.78429786667178
43.685355,-79.40814750000001,-102.52880771051996
43.685320000000004,-79.40830500000001,-102.52880770805677
43.68528500000001,-79.40846250000001,-102.52880770805677
43.68525,-79.40862000000001,-102.52880771051996
43.68522,-79.40874000000001,-104.036243469523
43.685190000000006,-79.408865,-103.49573327907129
43.68516,-79.40899,-103.4957332821508
43.685140000000004,-79.40909,-101.30993247323731
43.685120000000005,-79.40919000000001,-101.30993247323731
43.685080000000006,-79.40936,-103.24051991492026
43.68504,-79.40953,-103.2405199171894
43.685005000000004,-79.40969000000001,-102.33908727665678
43.68497000000001,-79.40985,-102.33908727771914
43.68493,-79.41002,-103.2405199171894
43.68489666666667,-79.41018000000001,-101.76828893181745
43.68486333333334,-79.41034,-101.76828893039492
43.684830000000005,-79.41050000000001,-101.76828893181745
43.684810000000006,-79.410595,-101.88865804070785
43.68479000000001,-79.41069,-101.88865803898005
43.68475666666667,-79.41085333333334,-101.53462065403538
43.68472333333334,-79.41101666666667,-101.53462065403538
43.68469,-79.41118,-101.53462065403538
