43.654520000000005,-79.38570000000001,0
43.65464,-79.38575000000002,-22.619864949485788
43.65476,-79.38580000000002,-22.619864948281318
43.654880000000006,-79.38585,-22.619864942499863
43.65500000000001,-79.3859,-22.619864948281318
43.655120000000004,-79.38595000000001,-22.619864949485788
43.655240000000006,-79.38600000000001,-22.619864948281318
43.65520571428572,-79.38615714285716,-102.30801581693333
43.655171428571435,-79.38631428571429,-102.30801581801245
43.65513714285715,-79.38647142857144,-102.30801581693333
43.65510285714286,-79.38662857142857,-102.30801582048544
43.65506857142857,-79.38678571428572,-102.30801581693333
43.65503428571429,-79.38694285714286,-102.30801581801245
43.655,-79.3871,-102.30801581693333
43.6549675,-79.38725500000001,-101.84207611597705
43.654935,-79.38741,-101.84207611451619
43.654902500000006,-79.387565,-101.84207611451619
43.65487,-79.38772,-101.84207611597705
43.65484,-79.38788000000001,-100.6196552764624
43.65482,-79.38803,-97.59464336876924
43.65488500000001,-79.388115,-52.59464336539145
43.65495000000001,-79.38820000000001,-52.594643373035886
43.655045,-79.38824000000001,-22.83365417830071
43.65514,-79.38828000000001,-22.833654176768054
43.655225,-79.38832000000001,-25.201123645013755
43.65531,-79.38836,-25.201123645013755
43.655395,-79.388395,-22.38013505051421
43.655480000000004,-79.38843,-22.380135048827952
43.65560500000001,-79.388485,-23.749494493412488
43.655730000000005,-79.38854,-23.74949449461308
43.65583666666667,-79.38858666666667,-23.629377728654628
43.65594333333333,-79.38863333333335,-23.629377736463155
43.65605,-79.38868000000001,-23.629377728654628
43.656153333333336,-79.38872333333335,-22.750976344408876
43.65625666666667,-79.38876666666667,-22.75097633770775
43.65636000000001,-79.38881,-22.750976344408876
43.656425000000006,-79.38884000000002,-24.77514057598119
43.656490000000005,-79.38887000000001,-24.775140565654468
43.656575000000004,-79.38890500000001,-22.38013505051421
43.65666,-79.38894,-22.38013505051421
43.65678,-79.38899500000001,-24.623564788266336
43.6569,-79.38905000000001,-24.62356478698134
43.656985000000006,-79.38908500000001,-22.380135048827952
43.657070000000004,-79.38912,-22.38013505051421
43.657155,-79.38916,-25.201123645013755
43.65724,-79.3892,-25.201123645013755
43.657325,-79.38923500000001,-22.380135058704607
43.657410000000006,-79.38927000000001,-22.380135048827952
43.657495000000004,-79.38930500000001,-22.38013505051421
43.65758,-79.38934,-22.38013505051421
43.657655000000005,-79.389375,-25.016893475425572
43.65773,-79.38941000000001,-25.01689348642054
43.657815,-79.38944500000001,-22.38013505051421
43.657900000000005,-79.38948,-22.380135048827952
43.657985000000004,-79.38952,-25.201123645013755
43.65807,-79.38956,-25.201123645013755
43.65815500000001,-79.38959500000001,-22.380135057018354
43.658240000000006,-79.38963000000001,-22.38013505051421
43.65834000000001,-79.38967500000001,-24.227745317277062
43.658440000000006,-79.38972000000001,-24.227745318800558
43.658545000000004,-79.38976500000001,-23.19859051411613
43.65865,-79.38981000000001,-23.19859051411613
43.658745,-79.38985500000001,-25.346175941578267
43.658840000000005,-79.38990000000001,-25.346175941578267
43.6589425,-79.38994250000002,-22.520565606534024
43.659045000000006,-79.38998500000001,-22.520565598350473
43.6591475,-79.3900275,-22.520565599755727
43.65925,-79.39007000000001,-22.520565606534024
43.659355000000005,-79.39011500000001,-23.198590512712304
43.65946,-79.39016000000001,-23.19859051411613
43.65955,-79.39020000000001,-23.96248897373878
43.65966,-79.39025000000001,-24.44395478125307
43.65977,-79.39030000000001,-24.44395478125307
43.65988,-79.39035000000001,-24.44395478125307
43.6599925,-79.3903975,-22.890551653518326
43.660105,-79.390445,-22.890551653518326
43.6602175,-79.39049250000001,-22.890551659660826
43.66033,-79.39054,-22.890551653518326
43.660425000000004,-79.39057,-17.525568370851563
43.660520000000005,-79.3906,-17.52556837864512
43.660630000000005,-79.39056000000001,19.98310652130566
43.660700000000006,-79.390525,26.56505118405704
43.66077000000001,-79.39049,26.56505117475164
43.66084666666667,-79.39041666666667,43.72696998042555
43.660923333333336,-79.39034333333333,43.72696998042555
43.661,-79.39027,43.72696998042555
43.661085,-79.39020000000001,39.47245984632926
43.661170000000006,-79.39013000000001,39.47245984397893
43.66124000000001,-79.39008000000001,35.537677792524526
43.66131,-79.39003000000001,35.537677795275286
43.66142000000001,-79.38997,28.61045966648383
43.661530000000006,-79.38993,19.98310652130566
43.66163,-79.38990000000001,16.69924423212614
43.661750000000005,-79.38988,9.462322210776367
43.661880000000004,-79.38989000000001,-4.3987053564323935
43.66198000000001,-79.38993,-21.801409484947982
43.662105000000004,-79.38998500000001,-23.74949449461308
43.66223000000001,-79.39004,-23.74949448795524
43.662355000000005,-79.390095,-23.74949449461308
43.66248,-79.39015,-23.74949449461308
43.66260555555556,-79.39020333333333,-23.01475441611605
43.662731111111114,-79.39025666666667,-23.01475442160974
43.66285666666667,-79.39031,-23.01475441611605
43.662982222222226,-79.39036333333334,-23.01475442160974
43.66310777777778,-79.39041666666667,-23.01475441611605
43.66323333333334,-79.39047000000001,-23.01475442160974
43.663358888888894,-79.39052333333333,-23.01475441611605
43.66348444444445,-79.39057666666668,-23.01475442160974
43.663610000000006,-79.39063,-23.01475441611605
43.663700000000006,-79.39067,-23.96248897373878
43.66380333333334,-79.39071,-21.161259815722996
43.66390666666667,-79.39075000000001,-21.16125982390206
43.664010000000005,-79.39079000000001,-21.161259815722996
43.6641075,-79.39083000000001,-22.306205055090924
43.664205,-79.39087,-22.30620505362468
43.664302500000005,-79.39091,-22.30620505362468
43.6644,-79.39095,-22.306205055090924
43.66452666666667,-79.39100333333334,-22.833654180791267
43.664653333333334,-79.39105666666667,-22.83365417533119
43.66478,-79.39111000000001,-22.833654180791267
43.66487,-79.39115000000001,-23.96248897373878
43.66496,-79.39118666666667,-22.166345818059245
43.66505,-79.39122333333334,-22.1663458258183
43.66514,-79.39126,-22.166345818059245
43.66523,-79.39129666666668,-22.1663458258183
43.66532,-79.39133333333334,-22.166345818059245
43.66541,-79.39137000000001,-22.1663458258183
43.6655,-79.39141000000001,-23.96248897373878
43.665620000000004,-79.39147000000001,-26.565051178435027
43.66567500000001,-79.391525,-44.99999999259798
43.66573,-79.39158,-45.00000000370101
43.66581,-79.39167,-48.36646066455287
43.665855,-79.39174,-57.26477372554086
43.6659,-79.39181,-57.26477373083183
43.665960000000005,-79.39195000000001,-66.80140948494798
43.66599000000001,-79.392035,-70.5599651700701
43.66602,-79.39212,-70.55996517432911
43.66604,-79.39222000000001,-78.69006752676269
43.66606,-79.39232000000001,-78.69006752676269
43.666070000000005,-79.39248,-86.42366562373539
43.666070000000005,-79.39265,-90
43.666090000000004,-79.39278,-81.25383773768013
43.66613,-79.39293,-75.06858282287601
43.66622,-79.39304000000001,-50.71059313911196
43.66630000000001,-79.3931,-36.869897640144465
43.666410000000006,-79.39316500000001,-30.579226875107494
43.666520000000006,-79.39323,-30.579226869621163
43.66662,-79.39327,-21.80140948635181
43.66671,-79.39330666666667,-22.1663458258183
43.6668,-79.39334333333333,-22.166345818059245
43.66689,-79.39338000000001,-22.1663458258183
43.66698,-79.39342,-23.96248897373878
43.667055000000005,-79.39344500000001,-18.434948827807343
43.66713,-79.39347000000001,-18.434948819665127
43.66724000000001,-79.39353000000001,-28.61045966648383
43.667345000000005,-79.39357500000001,-23.19859051411613
43.66745,-79.39362000000001,-23.19859051411613
43.66754666666667,-79.39366000000001,-22.479434396855126
43.66764333333334,-79.39370000000001,-22.479434395367207
43.66774,-79.39374000000001,-22.479434396855126
43.667815000000004,-79.39377000000002,-21.801409491967135
43.66789000000001,-79.39380000000001,-21.80140948260826
43.66798000000001,-79.39384000000001,-23.96248897373878
43.66807666666667,-79.39387666666667,-20.772254678744932
43.66817333333334,-79.39391333333334,-20.772254684711942
43.66827000000001,-79.39395,-20.772254678744932
43.66836000000001,-79.39399,-23.96248897373878
43.66845,-79.39403000000001,-23.962488982972225
43.66854,-79.39407000000001,-23.96248897373878
43.66863,-79.39411000000001,-23.96248897373878
43.66872,-79.39415000000001,-23.96248897373878
43.668832,-79.394192,-20.556045216396686
43.668944,-79.39423400000001,-20.556045222770244
43.669056,-79.394276,-20.556045217591727
43.669168,-79.39431800000001,-20.556045222770244
43.66928,-79.39436,-20.556045216396686
43.669405,-79.39441500000001,-23.74949449461308
43.66953,-79.39447000000001,-23.749494493412488
43.669632500000006,-79.39451250000002,-22.520565605128766
43.669735,-79.39455500000001,-22.520565599755727
43.6698375,-79.3945975,-22.520565599755727
43.669940000000004,-79.39464000000001,-22.520565605128766
43.67004,-79.39468000000001,-21.80140948635181
43.67014,-79.39472,-21.801409484947982
43.67026,-79.39477000000001,-22.619864949485788
43.67038,-79.39482000000001,-22.619864948281318
43.67049,-79.39487000000001,-24.44395478125307
43.6706,-79.39492000000001,-24.44395478125307
43.67071,-79.39497,-24.443954775118517
43.670820000000006,-79.39502,-24.443954779858853
43.670910000000006,-79.39505500000001,-21.25050551324536
43.67100000000001,-79.39509000000001,-21.25050550538692
43.671065000000006,-79.395115,-21.037511020805095
43.671130000000005,-79.39514000000001,-21.037511031717347
43.671240000000004,-79.39519,-24.443954775118517
43.67132000000001,-79.39522,-20.55604521567966
43.671400000000006,-79.39525,-20.5560452262757
43.671515,-79.3953,-23.498565677764358
43.67163,-79.39535000000001,-23.498565676469884
43.67171666666667,-79.39538333333334,-21.037511025736592
43.67180333333334,-79.39541666666668,-21.037511025736592
43.671890000000005,-79.39545000000001,-21.037511025736592
43.67199,-79.39549000000001,-21.80140948635181
43.67209,-79.39553000000001,-21.80140948635181
43.67219,-79.39557,-21.801409484947982
43.672290000000004,-79.39561,-21.801409484947982
43.67239,-79.39565,-21.80140948635181
43.672505,-79.39569,-19.17900802498689
43.67262,-79.39573,-19.17900802498689
43.672725,-79.39577,-20.854458039255885
43.672830000000005,-79.39581000000001,-20.854458044737775
43.672935,-79.39585000000001,-20.854458039255885
43.67304,-79.39589000000001,-20.854458039255885
43.673140000000004,-79.39593,-21.801409484947982
43.67324,-79.39597,-21.80140948635181
43.67334,-79.39601,-21.801409484947982
43.67343,-79.39604666666668,-22.1663458258183
43.67352,-79.39608333333334,-22.166345818059245
43.673610000000004,-79.39612000000001,-22.1663458258183
43.67371,-79.39616000000001,-21.80140948635181
43.67381,-79.39620000000001,-21.801409484947982
43.67391000000001,-79.39624,-21.801409484947982
43.67401,-79.39628,-21.80140948635181
43.67411,-79.39632,-21.80140948635181
43.67421,-79.39636,-21.801409484947982
43.67431500000001,-79.396405,-23.198590512712304
43.674420000000005,-79.39645,-23.19859051411613
43.67451333333334,-79.39649,-23.19859051312175
43.67460666666667,-79.39653000000001,-23.198590520491862
43.6747,-79.39657000000001,-23.19859051312175
43.674785,-79.39660500000001,-22.38013505051421
43.674870000000006,-79.39664,-22.380135048827952
43.674955000000004,-79.39667500000002,-22.380135058704607
43.67504,-79.39671000000001,-22.38013505051421
43.67513,-79.39675000000001,-23.96248897373878
43.675200000000004,-79.39677500000002,-19.653824063579705
43.675270000000005,-79.39680000000001,-19.65382405326377
43.67539500000001,-79.39685500000002,-23.749494493412488
43.675520000000006,-79.39691,-23.74949448915583
43.675627500000004,-79.3969525,-21.571307187903262
43.675735,-79.396995,-21.5713071944536
43.6758425,-79.39703750000001,-21.5713071944536
43.67595,-79.39708,-21.571307187903262
43.6760525,-79.3971225,-22.520565599755727
43.676155,-79.397165,-22.520565605128766
43.676257500000006,-79.39720750000001,-22.520565605128766
43.67636,-79.39725,-22.520565599755727
43.67647,-79.39729666666666,-22.98871680036982
43.67658,-79.39734333333334,-22.988716806642817
43.67669,-79.39739,-22.98871680036982
43.676815000000005,-79.39744,-21.80140948635181
43.67694,-79.39749,-21.801409487474878
43.67704500000001,-79.39753,-20.854458037966026
43.677150000000005,-79.39757,-20.854458039255885
43.677130000000005,-79.39772,-97.59464336805813
43.67711,-79.39787000000001,-97.59464337072478
43.67709,-79.39802,-97.59464336876924
43.67707,-79.39817000000001,-97.59464336805813
43.677040000000005,-79.39835000000001,-99.46232220655857
43.67700666666667,-79.39849000000001,-103.39249775401319
43.676973333333336,-79.39863000000001,-103.39249775401319
43.67694,-79.39877000000001,-103.39249775401319
43.67691,-79.39891000000001,-102.09475707780646
43.676880000000004,-79.39905,-102.09475707621775
43.67685,-79.39919,-102.09475707780646
43.676820000000006,-79.39933,-102.0947570750262
43.676790000000004,-79.39943000000001,-106.69924423474063
43.67676,-79.39953000000001,-106.69924423474063
43.676725000000005,-79.39964,-107.65012421962462
43.67669,-79.39975000000001,-107.6501242208467
43.67665,-79.39985000000001,-111.801409484948
43.676610000000004,-79.39995,-111.80140948775565
43.67655333333334,-79.40009,-112.03622693955056
43.67649666666667,-79.40023000000001,-112.03622693955056
43.67644000000001,-79.40037000000001,-112.03622693955056
43.676370000000006,-79.40052,-115.01689347973445
43.67631,-79.40065000000001,-114.77514056843474
43.676268,-79.40080200000001,-105.44631636788903
43.676226,-79.40095400000001,-105.44631636788903
43.676184000000006,-79.40110600000001,-105.44631636540065
43.676142000000006,-79.40125800000001,-105.44631636788903
43.676100000000005,-79.40141000000001,-105.44631636788903
43.67607,-79.401525,-104.62087399050509
43.67604,-79.40164,-104.62087399050509
43.676010000000005,-79.40175500000001,-104.62087398546123
43.67598,-79.40187,-104.62087399050509
43.67595,-79.40197500000001,-105.94539590143496
43.675920000000005,-79.40208000000001,-105.94539589785032
43.67589,-79.402195,-104.62087399050509
43.67586,-79.40231,-104.62087399050509
43.675830000000005,-79.40243000000001,-104.03624346473346
43.6758,-79.40255,-104.036243469523
43.67589,-79.40265000000001,-48.012787505083026
43.67598,-79.40271000000001,-33.69006752806754
43.67606500000001,-79.40275000000001,-25.20112364316849
43.67615000000001,-79.40279000000001,-25.201123645013755
43.67624000000001,-79.402825,-21.25050550538692
43.67633,-79.40286,-21.25050550691495
43.676425,-79.4029,-22.833654176768054
43.676520000000004,-79.40294,-22.833654176768054
43.676610000000004,-79.40298000000001,-23.962488981293415
43.676700000000004,-79.40302000000001,-23.96248897373878
43.67678,-79.40293000000001,48.36646066455287
43.67678,-79.40310000000001,-90
43.676765,-79.40319500000001,-98.97262661335597
43.676750000000006,-79.40329000000001,-98.97262661335597
43.676725000000005,-79.40342000000001,-100.88552705512336
43.676700000000004,-79.40355000000001,-100.88552705512336
43.676660000000005,-79.40367,-108.43494882292202
43.67675833333334,-79.40378833333334,-50.27389595715112
43.67685666666667,-79.40390666666667,-50.27389595715112
43.67695500000001,-79.404025,-50.27389595715112
43.67705333333333,-79.40414333333334,-50.273895959186206
43.67715166666667,-79.40426166666667,-50.27389595715112
43.67725,-79.40438,-50.27389595715112
43.67734,-79.40449000000001,-50.71059313911196
43.67743,-79.4046,-50.71059313548424
43.67752,-79.40471000000001,-50.71059313911196
43.67759,-79.40480000000001,-52.12501634858864
43.677670000000006,-79.40492,-56.309932471671495
43.677730000000004,-79.40503000000001,-61.38954033636854
43.67777,-79.40511000000001,-63.43494882292201
43.67781,-79.40519,-63.43494882292201
43.677865,-79.40511000000001,55.49147701319549
43.67792,-79.40503000000001,55.49147700973991
43.67803666666667,-79.40508666666668,-25.906507998385017
43.678153333333334,-79.40514333333334,-25.906507999756396
43.678270000000005,-79.40520000000001,-25.906507998385017
43.678355,-79.405235,-22.38013505051421
43.67844,-79.40527,-22.38013505051421
43.67855,-79.40526000000001,5.194428902061948
43.678650000000005,-79.40520000000001,30.963756533270907
43.67873,-79.40511000000001,48.36646066455287
43.678810000000006,-79.40502000000001,48.36646066202597
43.67889,-79.40493000000001,48.36646066455287
43.678990000000006,-79.40487,30.963756533270907
43.67909,-79.40485000000001,11.309932470105686
43.67917,-79.40485500000001,-3.5763343762646227
43.67925,-79.40486000000001,-3.5763343759478046
43.67938,-79.40487000000002,-4.3987053564323935
43.67951000000001,-79.40488,-4.398705349966514
43.679640000000006,-79.40489000000001,-4.3987053564323935
43.67974,-79.40493000000001,-21.80140948635181
43.67981,-79.40501,-48.81407483284926
43.679860000000005,-79.40515,-70.34617594157827
43.67987333333334,-79.40532333333334,-85.60129464446565
43.67988666666667,-79.40549666666666,-85.60129464644133
43.6799,-79.40567,-85.60129464446565
43.67991000000001,-79.40580000000001,-85.60129464404656
43.67992,-79.40594,-85.91438322126506
43.679935,-79.40605,-82.2348339822353
43.679950000000005,-79.40616,-82.23483397959278
43.679965,-79.406265,-81.86989764747247
43.67998,-79.40637000000001,-81.86989764747247
43.679965,-79.406265,98.13010235252754
43.679950000000005,-79.40616,98.13010235252754
43.679935,-79.40605,97.76516602040722
43.67992,-79.40594,97.76516601776471
43.67991000000001,-79.40580000000001,94.08561677873496
43.6799,-79.40567,94.39870535595344
43.67989333333334,-79.40552666666667,92.66300076514439
43.67988666666667,-79.40538333333333,92.66300076771492
43.679880000000004,-79.40524,92.66300076514439
43.679840000000006,-79.40507000000001,103.24051991492026
43.67978,-79.40497,120.96375653327094
43.67969,-79.40491,146.30993247193248
43.67958,-79.4048975,173.51692630868055
43.67947,-79.40488500000001,173.51692630868055
43.67936,-79.40487250000001,173.51692630868055
43.67925,-79.40486000000001,173.51692630868055
43.67916,-79.40485000000001,173.65980825210417
43.67904,-79.40486000000001,-175.23635830787
43.678940000000004,-79.40489000000001,-163.30075576787388
43.678850000000004,-79.40498666666667,-132.9545915118907
43.678760000000004,-79.40508333333334,-132.9545915118907
43.678670000000004,-79.40518,-132.9545915118907
43.67857,-79.40525000000001,-145.0079797992555
43.67844,-79.40527,-171.25383774073933
43.678355,-79.405235,157.6198649494858
43.678270000000005,-79.40520000000001,157.6198649494858
43.67817333333334,-79.40516666666667,160.974393961393
43.67807666666667,-79.40513333333334,160.9743939626909
43.677980000000005,-79.4051,160.974393961393
43.67789500000001,-79.405145,-152.10272896861227
43.67781,-79.40519,-152.1027289705928
43.67785000000001,-79.40532,-72.89727102852697
43.6779,-79.40545,-68.96248897646684
43.67794000000001,-79.4056,-75.06858282034212
43.677960000000006,-79.40574000000001,-81.86989764625115
43.677980000000005,-79.40588000000001,-81.86989764625115
43.67797,-79.40603,-93.81407483573147
43.677935000000005,-79.406175,-103.57043438369772
43.6779,-79.40632000000001,-103.5704343863508
43.67786,-79.40648,-104.0362434679265
43.677820000000004,-79.40663333333333,-104.62087398841548
43.677780000000006,-79.40678666666668,-104.62087398711853
43.67774000000001,-79.40694,-104.62087398841548
43.67769500000001,-79.407105,-105.25511870347533
43.67765000000001,-79.40727000000001,-105.25511870222267
43.67760500000001,-79.407435,-105.25511870347533
43.67756000000001,-79.4076,-105.25511870347533
43.67751333333334,-79.40776666666667,-105.64224645766176
43.677466666666675,-79.40793333333333,-105.6422464566651
43.677420000000005,-79.4081,-105.64224645766176
43.677375714285716,-79.40826142857144,-105.34089076473137
43.677331428571435,-79.40842285714287,-105.34089076238597
43.677287142857146,-79.4085842857143,-105.34089076473137
43.677242857142865,-79.40874571428571,-105.34089076367282
43.677198571428576,-79.40890714285715,-105.34089076473137
43.677154285714295,-79.40906857142858,-105.34089076238597
43.677110000000006,-79.40923000000001,-105.34089076473137
43.67707250000001,-79.40937000000001,-104.99507912811008
43.677035000000004,-79.40951000000001,-104.99507913082333
43.6769975,-79.40965,-104.99507913227687
43.67696,-79.40979,-104.99507912811008
43.67692,-79.40995000000001,-104.03624346672912
43.676880000000004,-79.41011,-104.0362434679265
43.676860000000005,-79.410235,-99.0902769206953
43.676840000000006,-79.41036000000001,-99.09027691967913
43.676820000000006,-79.41049000000001,-98.74616226231988
43.6768,-79.41067000000001,-96.34019174789582
43.6768,-79.410765,-90
43.6768,-79.41086,-90
43.676802,-79.411042,-89.37040139092613
43.676804000000004,-79.411224,-89.37040139097529
43.676806,-79.411406,-89.37040139316274
43.676808,-79.41158800000001,-89.37040139097529
43.67681,-79.41177,-89.37040139092613
43.67681,-79.41191333333335,-90
43.67681,-79.41205666666667,-90
43.67681,-79.41220000000001,-90
43.67681,-79.41236571428573,-90
43.67681,-79.41253142857144,-90
43.67681,-79.41269714285716,-90
43.67681,-79.41286285714287,-90
43.67681,-79.41302857142858,-90
43.67681,-79.4131942857143,-90
43.67681,-79.41336000000001,-90
43.67681,-79.41353000000001,-90
43.67680285714286,-79.41369857142858,-92.42633583164323
43.67679571428572,-79.41386714285714,-92.42633583184752
43.676788571428574,-79.41403571428572,-92.42633583164323
43.67678142857143,-79.41420428571429,-92.42633583164323
43.67677428571429,-79.41437285714287,-92.42633583164323
43.676767142857145,-79.41454142857143,-92.42633583184752
43.67676,-79.41471,-92.42633583164323
43.676750000000006,-79.41487333333333,-93.50353164341617
43.67674,-79.41503666666668,-93.50353164559532
43.676730000000006,-79.41520000000001,-93.50353164341617
43.67672,-79.41534,-94.08561678162812
43.67671333333334,-79.41548,-92.726310992801
43.67670666666667,-79.41562,-92.72631099570235
43.676700000000004,-79.41576,-92.726310992801
43.676815000000005,-79.415805,-21.370622269209708
43.676930000000006,-79.41585,-21.370622269209708
43.67705000000001,-79.4158975,-21.595310445973546
43.677170000000004,-79.41594500000001,-21.595310453000604
43.67729,-79.41599250000002,-21.595310453000604
43.67741,-79.41604000000001,-21.595310445973546
43.67753857142857,-79.41609142857143,-21.801409485259942
43.677667142857146,-79.41614285714287,-21.80140948962742
43.677795714285715,-79.4161942857143,-21.801409485259942
43.67792428571429,-79.41624571428572,-21.801409484168076
43.67805285714286,-79.41629714285715,-21.801409485259942
43.678181428571435,-79.41634857142859,-21.80140948962742
43.67831,-79.41640000000001,-21.801409485259942
43.67842,-79.41644250000002,-21.124719149073215
43.67853,-79.41648500000001,-21.124719142632625
43.67864,-79.4165275,-21.124719142632625
43.67875,-79.41657000000001,-21.124719149073215
43.6788675,-79.41661500000001,-20.955776730375025
43.678985,-79.41666000000001,-20.955776731532232
43.6791025,-79.41670500000001,-20.955776730375025
43.67922,-79.41675000000001,-20.955776730375025
43.679338,-79.41679800000001,-22.13549188080974
43.679456,-79.416846,-22.135491874889222
43.679574,-79.41689400000001,-22.13549188080974
43.679692,-79.416942,-22.135491874889222
43.67981,-79.41699000000001,-22.13549188080974
43.679903333333336,-79.41702333333335,-19.653824058882268
43.679996666666675,-79.41705666666667,-19.653824049763717
43.68009000000001,-79.41709,-19.653824058882268
43.68020750000001,-79.4171375,-22.011283195004637
43.68032500000001,-79.417185,-22.011283200960815
43.680442500000005,-79.41723250000001,-22.01128320216472
43.68056000000001,-79.41728,-22.011283195004637
43.68067750000001,-79.4173275,-22.011283195004637
43.680795,-79.417375,-22.01128320216472
43.680912500000005,-79.41742250000001,-22.011283200960815
43.68103000000001,-79.41747000000001,-22.011283195004637
43.681157500000005,-79.41752000000001,-21.412969475848506
43.681285,-79.41757000000001,-21.412969475848506
43.68141250000001,-79.41762,-21.412969469228372
43.681540000000005,-79.41767,-21.412969475848506
43.68165666666667,-79.41771666666666,-21.80140948514853
43.68177333333334,-79.41776333333334,-21.801409489961664
43.68189,-79.41781,-21.80140948514853
43.682007500000005,-79.41785250000001,-19.885165116332658
43.682125,-79.417895,-19.88516511131303
43.6822425,-79.4179375,-19.885165110204802
43.68236,-79.41798,-19.885165116332658
43.6824725,-79.418025,-21.80140948635181
43.682585,-79.41807,-21.80140948635181
43.6826975,-79.418115,-21.80140948635181
43.68281,-79.41816,-21.80140948635181
43.68289666666667,-79.41819333333333,-21.037511025736592
43.68298333333333,-79.41822666666667,-21.037511027310476
43.68307,-79.41826,-21.037511025736592
43.68316,-79.41829000000001,-18.43494882835016
43.683256666666665,-79.41833000000001,-22.479434396855126
43.683353333333336,-79.41837000000001,-22.479434395367207
43.68345,-79.41841000000001,-22.479434396855126
43.683535000000006,-79.41845,-25.20112364316849
43.683620000000005,-79.41849,-25.201123645013755
43.683710000000005,-79.41852666666668,-22.1663458258183
43.683800000000005,-79.41856333333334,-22.166345818059245
43.683890000000005,-79.41860000000001,-22.1663458258183
43.684004,-79.41864600000001,-21.97450799104093
43.684118000000005,-79.41869200000001,-21.974507989801708
43.684232,-79.418738,-21.97450799104093
43.684346000000005,-79.418784,-21.974507989801708
43.68446,-79.41883,-21.97450799104093
43.684575,-79.41888,-23.498565676469884
43.68469,-79.41893,-23.498565676469884
43.684805000000004,-79.418975,-21.370622269209708
43.684920000000005,-79.41902,-21.370622269209708
43.68504,-79.41906750000001,-21.595310453000604
43.68516,-79.419115,-21.595310445973546
43.685280000000006,-79.4191625,-21.595310445973546
43.6854,-79.41921,-21.595310453000604
43.685505000000006,-79.419255,-23.198590512712304
43.685610000000004,-79.4193,-23.19859051411613
43.685715,-79.419345,-23.19859051411613
43.68582000000001,-79.41939,-23.198590512712304
43.68592400000001,-79.419432,-21.99112991400568
43.68602800000001,-79.41947400000001,-21.99112992073692
43.686132,-79.419516,-21.99112991536487
43.686236,-79.41955800000001,-21.99112992073692
43.68634,-79.4196,-21.99112991400568
43.686455,-79.419645,-21.370622269209708
43.68657,-79.41969,-21.370622269209708
43.686685000000004,-79.419735,-21.370622269209708
43.686800000000005,-79.41978,-21.370622269209708
43.686905,-79.419825,-23.19859051411613
43.68701,-79.41987,-23.19859051411613
43.68708,-79.41990000000001,-23.19859051996543
43.68715,-79.41993000000001,-23.19859051013861
43.68726,-79.41997,-19.98310652130566
43.68737,-79.42001,-19.98310652130566
43.687455,-79.42004500000002,-22.380135058704607
43.687540000000006,-79.42008000000001,-22.380135048827952
43.687644000000006,-79.420122,-21.99112991400568
43.687748000000006,-79.42016400000001,-21.99112992073692
43.687852,-79.42020600000001,-21.99112991536487
43.687956,-79.42024800000002,-21.99112992073692
43.68806,-79.42029000000001,-21.99112991400568
43.688164,-79.42033400000001,-22.932100438739095
43.688268,-79.42037800000001,-22.932100438739095
43.688372,-79.420422,-22.932100432098636
43.688476,-79.420466,-22.932100438739095
43.68858,-79.42051000000001,-22.932100438739095
43.688665,-79.420545,-22.38013505051421
43.688750000000006,-79.42058,-22.380135048827952
43.68886333333334,-79.42062333333334,-20.92450174713339
43.68897666666667,-79.42066666666666,-20.92450174086542
43.68909,-79.42071,-20.92450174713339
43.68919,-79.42075000000001,-21.801409491967135
43.689265000000006,-79.42078000000001,-21.80140948260826
43.68934,-79.42081,-21.80140948448004
43.68945,-79.420855,-22.249023657356474
43.68956,-79.4209,-22.249023657356474
43.689645,-79.42093,-19.440034825670892
43.689730000000004,-79.42096000000001,-19.44003483268573
43.689845000000005,-79.4210075,-22.442753362467418
43.68996,-79.42105500000001,-22.442753369764844
43.690075,-79.42110250000002,-22.44275336851573
43.69019,-79.42115000000001,-22.442753362467418
43.690295000000006,-79.42119000000001,-20.854458037966026
43.690400000000004,-79.42123000000001,-20.854458039255885
43.69051,-79.42127500000001,-22.249023657356474
43.69062,-79.42132000000001,-22.249023657356474
43.690737500000004,-79.42137000000001,-23.05130091684752
43.690855,-79.42142000000001,-23.051300918095855
43.6909725,-79.42147,-23.051300910980377
43.69109,-79.42152,-23.05130091684752
43.69118,-79.42155500000001,-21.25050551324536
43.69127,-79.42159000000001,-21.25050550538692
43.691382000000004,-79.421638,-23.19859051013861
43.691494000000006,-79.42168600000001,-23.198590516280372
43.691606,-79.421734,-23.198590511454704
43.691718,-79.42178200000001,-23.198590516280372
43.69183,-79.42183,-23.19859051013861
43.69192,-79.42187000000001,-23.962488981293415
43.69203,-79.42191000000001,-19.98310652130566
43.6921,-79.42194,-23.19859051013861
43.692170000000004,-79.42197,-23.19859051013861
43.692283333333336,-79.42201666666666,-22.38013505051421
43.692396666666674,-79.42206333333334,-22.380135055392316
43.692510000000006,-79.42211,-22.38013505051421
43.692614000000006,-79.42215200000001,-21.99112992073692
43.692718000000006,-79.422194,-21.99112991400568
43.692822,-79.42223600000001,-21.991129922096118
43.692926,-79.422278,-21.99112991400568
43.69303,-79.42232000000001,-21.99112992073692
43.693125,-79.42236000000001,-22.833654176768054
43.693220000000004,-79.42240000000001,-22.833654176768054
43.693313333333336,-79.42243666666667,-21.44773632346159
43.69340666666667,-79.42247333333334,-21.447736331019016
43.6935,-79.42251,-21.44773632346159
43.69361000000001,-79.422555,-22.249023656059485
43.693720000000006,-79.4226,-22.249023657356474
43.69381750000001,-79.42264,-22.30620505362468
43.693915000000004,-79.42268000000001,-22.30620506223885
43.6940125,-79.42272000000001,-22.306205055090924
43.69411,-79.42276000000001,-22.30620505362468
43.694175,-79.422785,-21.037511020805095
43.69424,-79.42281000000001,-21.037511031717347
43.6943375,-79.42285000000001,-22.30620505362468
43.694435,-79.42289000000001,-22.306205055090924
43.6945325,-79.42293000000001,-22.30620505362468
43.694630000000004,-79.42297,-22.30620505362468
43.694720000000004,-79.42301,-23.96248897373878
43.694832000000005,-79.423056,-22.32865637668618
43.69494400000001,-79.423102,-22.32865637668618
43.695056,-79.42314800000001,-22.328656384184132
43.695168,-79.42319400000001,-22.32865637668618
43.695280000000004,-79.42324,-22.32865637668618
43.695395000000005,-79.423285,-21.370622269209708
43.695510000000006,-79.42333,-21.370622269209708
43.695632,-79.42338000000001,-22.285587647910024
43.695754,-79.42343000000001,-22.285587647910024
43.695876000000005,-79.42348,-22.285587641024925
43.695998,-79.42353,-22.285587647910024
43.69612,-79.42358,-22.285587647910024
43.69621333333333,-79.42361666666667,-21.447736331019016
43.69630666666667,-79.42365333333333,-21.447736321977107
43.696400000000004,-79.42369000000001,-21.447736331019016
43.69652428571429,-79.42374000000001,-21.91486632787225
43.696648571428575,-79.42379000000001,-21.91486632787225
43.69677285714286,-79.42384000000001,-21.91486632787225
43.696897142857146,-79.42389,-21.914866322233625
43.69702142857143,-79.42394,-21.91486632787225
43.69714571428572,-79.42399,-21.91486632787225
43.69727,-79.42404,-21.91486632787225
43.697383333333335,-79.42408666666667,-22.38013505051421
43.69749666666667,-79.42413333333334,-22.380135055392316
43.697610000000005,-79.42418,-22.38013505051421
43.697723333333336,-79.42422666666667,-22.38013505051421
43.697836666666674,-79.42427333333335,-22.380135055392316
43.697950000000006,-79.42432000000001,-22.38013505051421
43.69806666666667,-79.42436666666667,-21.80140948514853
43.69818333333334,-79.42441333333335,-21.801409489961664
43.6983,-79.42446000000001,-21.80140948514853
43.698424,-79.42451000000001,-21.960564020825245
43.698548,-79.42456000000001,-21.960564020825245
43.698672,-79.42461,-21.96056401517725
43.698796,-79.42466,-21.960564020825245
43.69892,-79.42471,-21.960564020825245
43.699040000000004,-79.42475800000001,-21.80140948869153
43.699160000000006,-79.424806,-21.801409482842235
43.69928,-79.42485400000001,-21.801409489861392
43.699400000000004,-79.424902,-21.801409482842235
43.69952000000001,-79.42495000000001,-21.80140948869153
43.699625000000005,-79.42499500000001,-23.19859051411613
43.69973,-79.42504000000001,-23.19859051411613
43.6998,-79.42506500000002,-19.653824063579705
43.699870000000004,-79.42509000000001,-19.65382405326377
43.699955,-79.42512500000001,-22.38013505051421
43.70004,-79.42516,-22.38013505051421
43.700125,-79.425195,-22.38013505051421
43.700210000000006,-79.42523000000001,-22.380135057018354
43.70031,-79.42527000000001,-21.80140948635181
43.700410000000005,-79.42531000000001,-21.801409484947982
43.700480000000006,-79.42534,-23.19859051013861
43.70055000000001,-79.42537,-23.19859051013861
43.70067,-79.42540000000001,-14.036243472716022
43.70075,-79.42543,-20.55604521735272
43.70083,-79.42546,-20.55604521567966
43.700915,-79.42549500000001,-22.380135058704607
43.701,-79.42553000000001,-22.38013505051421
43.70098,-79.42566000000001,-98.74616226231988
43.70095500000001,-79.42578,-101.76828892958207
43.70093000000001,-79.42590000000001,-101.76828893147874
43.700905000000006,-79.42602000000001,-101.76828893283353
43.700880000000005,-79.42614,-101.76828893283353
43.70084666666667,-79.42627666666667,-103.70696100490272
43.700813333333336,-79.42641333333334,-103.7069610035312
43.70078,-79.42655,-103.70696100490272
43.7007525,-79.426685,-101.51383118513047
43.700725000000006,-79.42682,-101.51383118223497
43.700697500000004,-79.426955,-101.51383118513047
43.70067,-79.42709,-101.51383118513047
43.70064,-79.42722666666667,-102.38075693012418
43.700610000000005,-79.42736333333335,-102.38075692603458
43.70058,-79.42750000000001,-102.38075693012418
43.700555,-79.42762,-101.76828893283353
43.70053,-79.42774,-101.76828893283353
43.7004975,-79.42788250000001,-102.84770485909883
43.700465,-79.428025,-102.84770485762188
43.700432500000005,-79.4281675,-102.84770485762188
43.7004,-79.42831000000001,-102.84770485909883
43.700363333333335,-79.42847333333334,-102.65255650050956
43.70032666666667,-79.42863666666668,-102.65255650050956
43.70029,-79.42880000000001,-102.65255650050956
43.70025571428572,-79.4289542857143,-102.52880770887214
43.70022142857143,-79.42910857142859,-102.52880770887214
43.700187142857146,-79.42926285714287,-102.52880770887214
43.70015285714286,-79.42941714285715,-102.52880770998968
43.700118571428575,-79.42957142857144,-102.52880770887214
43.70008428571429,-79.42972571428572,-102.52880770887214
43.700050000000005,-79.42988000000001,-102.52880770887214
43.70001500000001,-79.43004666666667,-101.8597791205269
43.699980000000004,-79.43021333333334,-101.85977912188378
43.699945,-79.43038000000001,-101.85977912188378
43.69991,-79.43054666666667,-101.8597791205269
43.699875000000006,-79.43071333333333,-101.8597791205269
43.69984,-79.43088,-101.85977912188378
43.69981000000001,-79.43101,-102.9946167900868
43.69979000000001,-79.43112,-100.30484646778896
43.69977,-79.43123000000001,-100.30484647137155
43.69975,-79.43132500000002,-101.88865803898005
43.69973,-79.43142,-101.88865804070785
43.6997,-79.43157666666667,-100.8403054550239
43.699670000000005,-79.43173333333334,-100.84030545251724
43.69964,-79.43189000000001,-100.8403054550239
43.69961000000001,-79.43202500000001,-102.52880770723571
43.699580000000005,-79.43216000000001,-102.52880771010943
43.699560000000005,-79.43225000000001,-102.52880770867256
43.699540000000006,-79.43234000000001,-102.52880770867256
43.699513333333336,-79.43248000000001,-100.78429786889885
43.69948666666667,-79.43262,-100.78429786716174
43.69946,-79.43276,-100.78429786889885
43.699423333333336,-79.43292000000001,-102.90740867056074
43.69938666666667,-79.43308,-102.90740867166876
43.69935,-79.43324000000001,-102.90740867056074
43.69933,-79.4334,-97.12501634890181
43.699310000000004,-79.43356,-97.12501634890181
43.699290000000005,-79.43372000000001,-97.1250163482755
43.699270000000006,-79.43388,-97.12501634890181
43.69925666666667,-79.43402,-95.44033203169165
43.69924333333334,-79.43416,-95.44033202880988
43.69923000000001,-79.43430000000001,-95.44033203169165
43.69921333333334,-79.43443666666667,-96.95295746860346
43.69919666666667,-79.43457333333335,-96.95295746788756
43.699180000000005,-79.43471000000001,-96.95295746860346
43.69917,-79.43484000000001,-94.39870535643242
43.699200000000005,-79.43494000000001,-73.30075576525938
43.69923000000001,-79.43504,-73.3007557630184
43.699310000000004,-79.43518,-60.255118704310426
43.699375,-79.43524500000001,-45.000000003131625
43.69944,-79.43531,-44.99999999686838
43.69955,-79.4354,-39.289406862701895
43.69966,-79.43549,-39.289406862701895
43.69977,-79.43558,-39.289406862701895
43.69988000000001,-79.43567,-39.289406860888036
43.69999000000001,-79.43576,-39.289406862701895
43.700100000000006,-79.43585,-39.289406862701895
43.700210000000006,-79.43594,-39.289406862701895
43.700305,-79.43599,-27.758540603179476
43.7004,-79.43604,-27.758540601413262
43.700500000000005,-79.43609666666667,-29.53878225832547
43.7006,-79.43615333333334,-29.5387822600717
43.700700000000005,-79.43621,-29.53878225832547
43.70082000000001,-79.436275,-28.442928620975312
43.70094,-79.43634,-28.442928627642097
43.70102666666667,-79.43638666666666,-28.30075576348528
43.70111333333333,-79.43643333333334,-28.30075577272931
43.7012,-79.43648,-28.30075576348528
43.70132,-79.436545,-28.442928620975312
43.701440000000005,-79.43661,-28.442928626221306
43.701515,-79.43664000000001,-21.80140949383891
43.70159,-79.43667,-21.80140948260826
43.701690000000006,-79.43672000000001,-26.56505117707799
43.701815,-79.43677500000001,-23.74949449461308
43.70194,-79.43683,-23.74949448915583
43.702062500000004,-79.43688125,-22.70284212205841
43.702185,-79.4369325,-22.702842123241684
43.7023075,-79.43698375,-22.70284212205841
43.70243000000001,-79.43703500000001,-22.702842127715034
43.7025525,-79.43708625000001,-22.702842123241684
43.702675000000006,-79.4371375,-22.70284212205841
43.7027975,-79.43718875,-22.702842123241684
43.702920000000006,-79.43724,-22.70284212205841
43.70304250000001,-79.43729250000001,-23.198590516856946
43.703165000000006,-79.43734500000001,-23.19859051244491
43.7032875,-79.4373975,-23.19859051244491
43.703410000000005,-79.43745000000001,-23.198590516856946
43.703525,-79.43749500000001,-21.370622270411015
43.70364,-79.43754000000001,-21.370622269209708
43.70373333333333,-79.43758333333335,-24.90476881053016
43.70382666666667,-79.43762666666667,-24.904768801687354
43.703920000000004,-79.43767000000001,-24.90476881053016
43.70403,-79.43771000000001,-19.98310652130566
43.70415333333334,-79.43776333333334,-23.385221054357718
43.70427666666667,-79.43781666666668,-23.385221059919477
43.70440000000001,-79.43787,-23.385221054357718
43.704505000000005,-79.437915,-23.19859051411613
43.70461,-79.43796,-23.19859051411613
43.704695,-79.437995,-22.38013505051421
43.70478000000001,-79.43803000000001,-22.380135057018354
43.70487000000001,-79.43807000000001,-23.96248897373878
43.70496000000001,-79.4381,-18.43494882020794
43.705040000000004,-79.43814,-26.56505117707799
43.70512,-79.43818,-26.56505117707799
43.70519,-79.43821500000001,-26.56505118405704
43.70526,-79.43825000000001,-26.56505117475164
43.70534000000001,-79.43828500000001,-23.62937772772028
43.705420000000004,-79.43832,-23.629377729588985
43.70552500000001,-79.43838,-29.744881291931627
43.705630000000006,-79.43844,-29.74488129944752
43.70573,-79.43849,-26.565051178706437
43.705845000000004,-79.43855500000001,-29.475889005462108
43.705960000000005,-79.43862,-29.475889000096174
43.706035,-79.43866,-28.072486936416432
43.70611,-79.43870000000001,-28.072486942614663
43.70622,-79.43877,-32.471192288693196
43.70633,-79.43884000000001,-32.47119229396169
43.7064225,-79.43890000000002,-32.96940390530408
43.706515,-79.43896000000001,-32.96940389910845
43.706607500000004,-79.43902,-32.96940389910845
43.706700000000005,-79.43908,-32.96940390530408
43.70678333333334,-79.43913666666667,-34.21570213110115
43.70686666666667,-79.43919333333334,-34.21570213337278
43.706950000000006,-79.43925,-34.21570213110115
43.707040000000006,-79.43931,-33.69006752806754
43.707155,-79.43938500000002,-33.11134196512345
43.70727,-79.43946000000001,-33.11134195853625
43.707370000000004,-79.43952666666668,-33.690067525979785
43.70747,-79.43959333333333,-33.69006752222184
43.707570000000004,-79.43966,-33.690067525979785
43.70768,-79.43973,-32.471192288693196
43.70779,-79.4398,-32.47119229396169
43.707855,-79.439845,-34.69515353155966
43.70792,-79.43989,-34.69515353155966
43.708,-79.43994,-32.005383209913205
43.70808,-79.43999000000001,-32.005383207626075
43.70816500000001,-79.440045,-32.905242916037224
43.70825000000001,-79.4401,-32.905242924973805
43.708336666666675,-79.44016,-34.69515353294384
43.708423333333336,-79.44022,-34.69515352879131
43.708510000000004,-79.44028,-34.69515353294384
43.70863,-79.44036,-33.690067525979785
43.70875,-79.44044000000001,-33.69006752911141
43.708865,-79.44051000000002,-31.328692870499523
43.708980000000004,-79.44058000000001,-31.328692865333426
43.70906666666667,-79.44064000000002,-34.69515353294384
43.70915333333333,-79.4407,-34.69515352879131
43.70924,-79.44076000000001,-34.69515353294384
43.70932500000001,-79.44081500000001,-32.90524292278931
43.709410000000005,-79.44087,-32.90524291822173
43.70950333333334,-79.44093333333333,-34.159694544496105
43.70959666666667,-79.44099666666668,-34.15969455046944
43.70969,-79.44106000000001,-34.159694544496105
43.7098,-79.44113000000002,-32.47119229396169
43.70991,-79.44120000000001,-32.471192288693196
43.709985,-79.44125000000001,-33.690067525979785
43.710060000000006,-79.44130000000001,-33.690067525979785
43.71018000000001,-79.44138000000001,-33.69006752441398
43.710300000000004,-79.44146,-33.690067525979785
43.71039666666667,-79.44152000000001,-31.82744657939883
43.71049333333334,-79.44158,-31.827446571431338
43.71059,-79.44164,-31.82744657939883
43.710705000000004,-79.44170500000001,-29.475889005462108
43.710820000000005,-79.44177,-29.475889000096174
43.710910000000005,-79.44182500000001,-31.429565616302288
43.711000000000006,-79.44188000000001,-31.429565616302288
43.711095,-79.44193000000001,-27.758540603179476
43.71119,-79.44198,-27.758540594701675
43.711290000000005,-79.442035,-28.810793743598186
43.71139,-79.44209000000001,-28.810793745317277
43.7115,-79.44214000000001,-24.44395478125307
43.711600000000004,-79.44219000000001,-26.56505117707799
43.7117,-79.44224000000001,-26.565051178706437
43.711805,-79.44229000000001,-25.463345063075643
43.71191,-79.44234,-25.463345055249476
43.712,-79.44238,-23.96248897373878
43.71209,-79.44242,-23.96248897373878
43.712180000000004,-79.44246000000001,-23.962488981293415
43.712270000000004,-79.44250000000001,-23.96248897373878
43.712345,-79.44253,-21.80140948448004
43.71242,-79.44256,-21.80140948260826
43.712540000000004,-79.44261,-22.619864948281318
43.71264333333334,-79.44265,-21.161259815722996
43.71274666666667,-79.44269000000001,-21.16125982390206
43.71285,-79.44273000000001,-21.161259815722996
43.712920000000004,-79.442755,-19.65382405326377
43.712990000000005,-79.44278000000001,-19.653824063579705
43.713102500000005,-79.44282000000001,-19.57312582969628
43.713215000000005,-79.44286000000001,-19.57312582969628
43.713327500000005,-79.44290000000001,-19.57312582969628
43.713440000000006,-79.44294000000001,-19.57312582969628
43.71354,-79.44300000000001,-30.963756535066985
43.71364,-79.44304000000001,-21.80140948635181
43.71374,-79.44308000000001,-21.801409484947982
43.71386875,-79.44312875000001,-20.738709149133207
43.713997500000005,-79.4431775,-20.738709143602133
43.71412625,-79.44322625000001,-20.73870915018035
43.714255,-79.443275,-20.738709143602133
43.71438375,-79.44332375,-20.738709149133207
43.7145125,-79.44337250000001,-20.73870915018035
43.71464125,-79.44342125,-20.738709143602133
43.71477,-79.44347,-20.738709149133207
43.714887142857144,-79.44351571428572,-21.317912277374155
43.715004285714286,-79.44356142857143,-21.317912271342102
43.71512142857143,-79.44360714285715,-21.317912277374155
43.71523857142858,-79.44365285714287,-21.31791227619717
43.71535571428572,-79.44369857142858,-21.317912277374155
43.71547285714286,-79.44374428571429,-21.317912271342102
43.715590000000006,-79.44379,-21.317912277374155
43.71570500000001,-79.4438375,-22.442753362467418
43.71582000000001,-79.44388500000001,-22.44275336851573
43.71593500000001,-79.4439325,-22.442753362467418
43.71605000000001,-79.44398000000001,-22.44275336851573
43.716165000000004,-79.4440275,-22.442753363716527
43.716280000000005,-79.444075,-22.442753362467418
43.716395000000006,-79.4441225,-22.44275336851573
43.71651000000001,-79.44417,-22.442753362467418
43.7166325,-79.44422,-22.20347853333643
43.716755000000006,-79.44427,-22.203478532173673
43.71687750000001,-79.44432,-22.203478532173673
43.717000000000006,-79.44437,-22.20347853333643
43.717107500000004,-79.4444125,-21.571307187903262
43.717215,-79.444455,-21.5713071944536
43.7173225,-79.44449750000001,-21.5713071944536
43.71743,-79.44454,-21.571307187903262
43.71752666666667,-79.44457666666668,-20.772254684711942
43.717623333333336,-79.44461333333334,-20.772254678744932
43.71772000000001,-79.44465000000001,-20.772254684711942
43.71784142857143,-79.44469714285715,-21.21796957674435
43.717962857142865,-79.4447442857143,-21.217969575613214
43.71808428571429,-79.44479142857143,-21.21796957674435
43.71820571428572,-79.44483857142858,-21.217969575613214
43.71832714285715,-79.44488571428572,-21.21796957674435
43.71844857142858,-79.44493285714286,-21.217969575613214
43.71857000000001,-79.44498,-21.21796957674435
43.71866000000001,-79.445,-12.52880770436197
43.71875000000001,-79.44502,-12.528807712983145
43.71887333333334,-79.44507333333334,-23.385221059919477
43.71899666666667,-79.44512666666667,-23.385221055560258
43.719120000000004,-79.44518000000001,-23.385221059919477
43.719243000000006,-79.445227,-20.912547689019622
43.719366,-79.44527400000001,-20.912547695899516
43.719489,-79.445321,-20.912547689019622
43.719612000000005,-79.445368,-20.912547689019622
43.719735,-79.445415,-20.912547690123223
43.719858,-79.445462,-20.91254769479591
43.719981000000004,-79.445509,-20.912547689019622
43.720104000000006,-79.445556,-20.912547689019622
43.720227,-79.445603,-20.912547695899516
43.72035,-79.44565,-20.912547689019622
43.72046666666667,-79.44569666666666,-21.80140948514853
43.72058333333334,-79.44574333333334,-21.801409489961664
43.7207,-79.44579,-21.80140948514853
43.72081333333333,-79.44583,-19.440034827800396
43.72092666666667,-79.44587000000001,-19.440034833061524
43.72104,-79.44591000000001,-19.440034827800396
43.721105,-79.445935,-21.037511020805095
43.72117,-79.44596,-21.037511020805095
43.72129666666667,-79.44600666666666,-20.224859429529708
43.721423333333334,-79.44605333333334,-20.224859435189543
43.72155,-79.4461,-20.224859429529708
43.721672857142856,-79.44614714285714,-20.992853372845506
43.72179571428572,-79.44619428571428,-20.99285337173717
43.721918571428574,-79.44624142857143,-20.992853372845506
43.72204142857143,-79.44628857142858,-20.992853378622307
43.722164285714285,-79.44633571428572,-20.992853372845506
43.72228714285715,-79.44638285714286,-20.99285337173717
43.72241,-79.44643,-20.992853372845506
43.72254,-79.44647857142857,-20.487014190854477
43.72267,-79.44652714285715,-20.487014196350497
43.7228,-79.44657571428571,-20.487014190854477
43.722930000000005,-79.4466242857143,-20.487014195323766
43.723060000000004,-79.44667285714286,-20.487014190854477
43.72319,-79.44672142857144,-20.487014196350497
43.72332,-79.44677,-20.487014190854477
43.723440000000004,-79.446815,-20.556045219211676
43.723560000000006,-79.44686,-20.556045219211676
43.72366000000001,-79.4469,-21.801409484947982
43.723760000000006,-79.44694000000001,-21.80140949337097
43.72388500000001,-79.44699500000002,-23.749494493412488
43.72401000000001,-79.44705,-23.74949448915583
43.72412750000001,-79.447095,-20.955776730375025
43.72424500000001,-79.44714,-20.955776730375025
43.724362500000005,-79.447185,-20.955776731532232
43.72448000000001,-79.44723,-20.955776730375025
43.72457750000001,-79.44726750000001,-21.037511027380425
43.724675000000005,-79.447305,-21.037511021504603
43.7247725,-79.4473425,-21.037511028779434
43.72487,-79.44738000000001,-21.037511027380425
43.72495000000001,-79.447405,-17.354024631335424
43.725030000000004,-79.44743000000001,-17.354024642056498
43.72513500000001,-79.44747000000001,-20.854458037966026
43.72524000000001,-79.44751000000001,-20.854458039255885
43.725350000000006,-79.44749,10.30484647202292
43.72543,-79.447505,-10.619655279842178
43.72551000000001,-79.44752000000001,-10.619655278920417
43.725640000000006,-79.44756000000001,-17.10272896861225
43.725730000000006,-79.44758,-12.52880770436197
43.725820000000006,-79.44760000000001,-12.528807712983145
43.725910000000006,-79.44762,-12.52880770436197
43.72600333333334,-79.44763666666667,-10.124671655850722
43.72609666666667,-79.44765333333334,-10.124671655850722
43.72619,-79.44767,-10.124671655850722
43.72628,-79.44768,-6.340191747895816
43.72637,-79.44770000000001,-12.528807712983145
43.72646,-79.44771,-6.340191738959235
43.726545,-79.44773,-13.240519919458535
43.72663,-79.44775000000001,-13.240519919458535
43.72672,-79.44776,-6.340191738959235
43.72681,-79.44778000000001,-12.528807712983145
43.7269,-79.4478,-12.52880770436197
43.72699,-79.44781,-6.340191747895816
43.72711,-79.44781,0
43.727230000000006,-79.44781,0
43.7273,-79.447805,4.0856167816281195
43.72737,-79.4478,4.085616781214808
43.727470000000004,-79.44779000000001,5.71059313105036
43.727560000000004,-79.44776,18.43494882835016
43.72767,-79.44772,19.98310652130566
43.72776,-79.44767,29.05460409984528
43.72787,-79.44760000000001,32.471192288693196
43.72796,-79.44753,37.87498365422982
43.72807,-79.44743000000001,42.27368900314632
43.728170000000006,-79.44733000000001,45
43.72824000000001,-79.44725000000001,48.81407483284926
43.72831000000001,-79.44717500000002,46.97493400875455
43.72838,-79.4471,46.97493401707084
43.72845,-79.44702000000001,48.81407483284926
43.728530000000006,-79.44694000000001,44.99999999745556
43.7286,-79.44686,48.814074840775305
43.728660000000005,-79.44679500000001,47.290610036915574
43.72872,-79.44673,47.29061004654056
43.72881,-79.44663000000001,48.01278750103442
43.72889000000001,-79.44656,41.18592516751103
43.72896,-79.44648000000001,48.81407483573146
43.729040000000005,-79.44638,51.34019174541344
43.72912,-79.44628,51.340191747895815
43.72919,-79.44619,52.12501634858864
43.729260000000004,-79.446105,50.52754015081677
43.729330000000004,-79.44602,50.52754015081677
43.729375000000005,-79.44594500000001,59.03624346632997
43.729420000000005,-79.44587000000001,59.03624346632997
43.72948,-79.44577500000001,57.72435568687345
43.72954,-79.44568000000001,57.72435568687345
43.729600000000005,-79.44555000000001,65.22485942918217
43.72966,-79.44543,63.43494882563609
43.729710000000004,-79.4453,68.96248897373879
43.729760000000006,-79.44517,68.96248897373879
43.72979000000001,-79.44507000000002,73.3007557630184
43.729820000000004,-79.44497000000001,73.30075576899435
43.72985,-79.44484,77.0053832112855
43.72988,-79.44471,77.00538320693992
43.729910000000004,-79.44456000000001,78.69006752441398
43.72993,-79.44441,82.40535663194188
43.72995,-79.44431,78.69006752676269
43.72997,-79.44421000000001,78.69006752519688
43.73000833333334,-79.44403333333335,77.75766879992136
43.73004666666667,-79.44385666666668,77.75766880307721
43.730085,-79.44368,77.75766880087642
43.73012333333334,-79.44350333333334,77.75766879992136
43.73016166666667,-79.44332666666668,77.75766880212215
43.7302,-79.44315,77.75766880087642
43.730230000000006,-79.44303000000001,75.963756530477
43.73026,-79.44291000000001,75.96375653367004
43.73029666666667,-79.44277666666667,74.62374875174156
43.730333333333334,-79.44264333333335,74.62374875018028
43.73037,-79.44251000000001,74.62374875174156
43.73042,-79.44238,68.96248897583729
43.730450000000005,-79.442295,70.5599651700701
43.73048000000001,-79.44221,70.5599651700701
43.73055,-79.44206000000001,64.9831065224943
43.730627500000004,-79.44192000000001,61.032339353220515
43.730705,-79.44178000000001,61.03233935544637
43.730782500000004,-79.44164,61.032339353220515
43.73086000000001,-79.4415,61.032339353220515
43.730920000000005,-79.441405,57.72435568687345
43.73098,-79.44131,57.72435568687345
43.73104000000001,-79.44122,56.30993247193247
43.731100000000005,-79.44113,56.309932475064095
43.73116,-79.44104,56.309932475064095
43.73122,-79.44095,56.309932475064095
43.731305,-79.440815,57.804266065766654
43.731390000000005,-79.44068,57.80426606360712
43.731475,-79.440545,57.804266065766654
43.73156,-79.44041,57.804266065766654
43.73164,-79.440295,55.17551084262831
43.73172,-79.44018000000001,55.1755108402427
43.73181,-79.44005000000001,55.30484646844035
43.7319,-79.43992,55.30484647137155
43.731985,-79.439795,55.78429786738443
43.73207,-79.43967,55.78429786738443
43.732115,-79.43960000000001,57.26477372554086
43.73216,-79.43953,57.26477373083183
43.732240000000004,-79.43941000000001,56.309932471671495
43.73232333333334,-79.43929000000001,55.222168631728785
43.73240666666667,-79.43917,55.222168637196496
43.732490000000006,-79.43905000000001,55.222168631728785
43.73259,-79.43899,30.963756535066985
43.73264666666667,-79.43889333333334,59.6208739884155
43.73270333333334,-79.43879666666668,59.6208739852811
43.732760000000006,-79.43870000000001,59.6208739884155
43.73284,-79.43858,56.30993247715184
43.73292428571429,-79.43843857142858,59.206766116666124
43.73300857142858,-79.43829714285714,59.206766119197916
43.733092857142864,-79.43815571428571,59.206766116666124
43.733177142857144,-79.43801428571429,59.20676611879025
43.73326142857143,-79.43787285714286,59.206766116666124
43.73334571428572,-79.43773142857142,59.206766119197916
43.733430000000006,-79.43759,59.206766116666124
43.73348,-79.4375,60.94539590361132
43.73353,-79.43741,60.945395900154715
43.73359000000001,-79.43731500000001,57.72435567994049
43.733650000000004,-79.43722000000001,57.72435568687345
43.73372666666667,-79.43709333333334,58.81502534324249
43.73380333333334,-79.43696666666668,58.8150253380427
43.733880000000006,-79.43684,58.81502534324249
43.733940000000004,-79.43674,59.03624346972256
43.73400000000001,-79.43664000000001,59.03624346313694
43.73406000000001,-79.43654000000001,59.03624346972256
43.734125000000006,-79.43642750000001,59.98163257269237
43.734190000000005,-79.43631500000001,59.98163257269237
43.734255000000005,-79.43620250000001,59.98163257269237
43.734320000000004,-79.43609000000001,59.98163257269237
43.73440333333334,-79.43595333333334,58.626994858302645
43.73448666666667,-79.43581666666667,58.626994863122306
43.734570000000005,-79.43568,58.626994858302645
43.73462000000001,-79.43560000000001,57.99461679008679
43.73467,-79.43552000000001,57.99461679374622
43.73473,-79.43542333333335,58.172553423641396
43.734790000000004,-79.43532666666667,58.172553424375245
43.73485,-79.43523,58.172553423641396
43.734930000000006,-79.43509750000001,58.877529800446496
43.73501,-79.434965,58.877529805417225
43.73509,-79.4348325,58.877529805417225
43.735170000000004,-79.4347,58.877529800446496
43.7352525,-79.4345625,59.03624347010355
43.735335000000006,-79.434425,59.036243465314
43.735417500000004,-79.43428750000001,59.03624346749106
43.7355,-79.43415,59.03624347010355
43.735572000000005,-79.43402400000001,60.25511870097003
43.735644,-79.433898,60.25511870618939
43.735716000000004,-79.433772,60.25511870097003
43.735788,-79.433646,60.25511870618939
43.73586,-79.43352,60.25511870097003
43.735915000000006,-79.43342000000001,61.18920625296364
43.73597,-79.43332000000001,61.18920625952743
43.736038,-79.433204,59.620873990252896
43.736106,-79.43308800000001,59.62087398719056
43.736174000000005,-79.432972,59.6208739876409
43.736242000000004,-79.43285600000002,59.62087398719056
43.73631,-79.43274000000001,59.620873990252896
43.736385,-79.43260500000001,60.94539590245912
43.73646,-79.43247000000001,60.945395900154715
43.736536,-79.43233800000002,60.06848815829896
43.736612,-79.43220600000001,60.06848816096623
43.736688,-79.43207400000001,60.06848815829896
43.736764,-79.431942,60.06848816096623
43.73684,-79.43181000000001,60.06848815829896
43.73691,-79.43169500000002,58.67130713051124
43.73698,-79.43158000000001,58.67130713365582
43.737065,-79.43144000000001,58.736268306381405
43.73715000000001,-79.43130000000001,58.73626830425668
43.7372275,-79.4311775,57.68038349380573
43.737305000000006,-79.43105500000001,57.68038348842924
43.73738250000001,-79.43093250000001,57.68038349143233
43.737460000000006,-79.43081000000001,57.68038349380573
43.737525000000005,-79.43070500000002,58.24051991318503
43.737590000000004,-79.43060000000001,58.24051991665547
43.73765,-79.43047,65.22485943414695
43.737695,-79.43037000000001,65.77225467967595
43.73774,-79.43027000000001,65.77225468272293
43.73780666666667,-79.43014666666667,61.606980578064686
43.73787333333333,-79.43002333333334,61.606980580619194
43.73794,-79.4299,61.606980578064686
43.738020000000006,-79.42977,58.39249775217857
43.7381,-79.42964,58.392497754450005
43.73818000000001,-79.42951000000001,58.39249775217857
43.73827000000001,-79.42938000000001,55.30484646844035
43.738350000000004,-79.42925000000001,58.392497754450005
43.73843000000001,-79.42912000000001,58.39249775217857
43.738510000000005,-79.42899000000001,58.392497754450005
43.73858666666667,-79.42885333333335,60.70863782884995
43.73866333333334,-79.42871666666667,60.70863782912628
43.73874000000001,-79.42858000000001,60.70863782884995
43.738820000000004,-79.42844444444445,59.45242825269967
43.73890000000001,-79.42830888888889,59.45242825047222
43.738980000000005,-79.42817333333335,59.45242825007054
43.73906,-79.42803777777779,59.45242825269967
43.739140000000006,-79.42790222222223,59.45242825047222
43.73922,-79.42776666666667,59.45242825269967
43.7393,-79.42763111111113,59.45242825007054
43.739380000000004,-79.42749555555557,59.45242825047222
43.73946,-79.42736000000001,59.45242825269967
43.73953,-79.42725,57.5288077103489
43.73959000000001,-79.42715000000001,59.03624346313694
43.739650000000005,-79.42705000000001,59.03624346972256
43.73973142857143,-79.42691428571429,59.03624346924991
43.73981285714286,-79.42677857142858,59.036243466603054
43.739894285714286,-79.42664285714287,59.03624346924991
43.73997571428572,-79.42650714285715,59.0362434670442
43.74005714285715,-79.42637142857143,59.03624346924991
43.740138571428574,-79.42623571428572,59.036243466603054
43.74022,-79.4261,59.03624346924991
43.74029,-79.42597500000001,60.75117366256046
43.74036,-79.42585000000001,60.75117366256046
43.74044000000001,-79.42575000000001,51.34019174541344
43.74049500000001,-79.42565,61.18920625640182
43.740550000000006,-79.42555,61.18920625952743
43.74063636363637,-79.42541636363636,57.12709103626039
43.74072272727273,-79.42528272727273,57.12709103348288
43.740809090909096,-79.42514909090909,57.12709103626039
43.74089545454546,-79.42501545454546,57.12709103348288
43.74098181818182,-79.42488181818182,57.12709103626039
43.741068181818186,-79.42474818181819,57.12709103348288
43.74115454545455,-79.42461454545455,57.12709103626039
43.74124090909091,-79.42448090909092,57.12709103348288
43.741327272727275,-79.42434727272727,57.12709103626039
43.74141363636364,-79.42421363636365,57.12709103348288
43.7415,-79.42408,57.12709103626039
43.741565,-79.42397500000001,58.24051991318503
43.74163,-79.42387000000001,58.24051991665547
43.74168,-79.42379,57.994616794661084
43.741730000000004,-79.42371,57.99461679008679
43.741800000000005,-79.42361,55.0079798019878
43.741870000000006,-79.42351000000001,55.007979798162594
43.74192500000001,-79.42342000000001,58.57043438369772
43.741980000000005,-79.42333,58.5704343869912
43.74203,-79.42325000000001,57.99461679374622
43.74208,-79.42317000000001,57.99461679008679
43.742140000000006,-79.42307000000001,59.0362434667291
43.742200000000004,-79.42297,59.03624346972256
43.7422825,-79.42284000000001,57.60015982651001
43.74236500000001,-79.42271000000001,57.60015982427749
43.742447500000004,-79.42258000000001,57.60015982651001
43.74253,-79.42245000000001,57.60015982651001
43.742615,-79.422325,55.78429787041327
43.742700000000006,-79.4222,55.78429786515735
43.742760000000004,-79.42211,56.309932475064095
43.74282,-79.42202,56.309932475064095
43.74290333333334,-79.42189,57.339087277187964
43.74298666666667,-79.42176,57.33908727940753
43.74307,-79.42163000000001,57.339087277187964
43.743125000000006,-79.42155000000001,55.49147700973991
43.74318,-79.42147000000001,55.49147701319549
43.74325,-79.42136250000001,56.92932217655801
43.743320000000004,-79.421255,56.929322180021465
43.743390000000005,-79.4211475,56.92932217655801
43.743460000000006,-79.42104,56.92932217655801
43.743505000000006,-79.420965,59.036243471119505
43.743550000000006,-79.42089,59.03624346632997
43.743605,-79.4208,58.5704343869912
43.743660000000006,-79.42071,58.57043438369772
43.743730000000006,-79.4206025,56.92932217655801
43.74380000000001,-79.420495,56.92932217655801
43.74387,-79.4203875,56.92932217921746
43.74394,-79.42028,56.92932217655801
43.744015000000005,-79.42016000000001,57.99461679008679
43.74409,-79.42004,57.99461679557593
43.744165,-79.41992,57.99461679008679
43.744240000000005,-79.41980000000001,57.99461679008679
43.744310000000006,-79.41969250000001,56.92932217655801
43.74438000000001,-79.41958500000001,56.92932217655801
43.74445,-79.4194775,56.929322182680906
43.74452,-79.41937,56.92932217655801
43.744605,-79.41924,56.82148834077601
43.744690000000006,-79.41911,56.82148833858225
43.744775000000004,-79.41898,56.82148834077601
43.74486,-79.41885,56.82148834077601
43.744945,-79.41872500000001,55.78429786738443
43.74503000000001,-79.41860000000001,55.78429786515735
43.7451,-79.41849,57.52880771298315
43.745185000000006,-79.41837000000001,54.68878655754291
43.745270000000005,-79.41825,54.68878656300244
43.74536500000001,-79.418125,52.76516601726924
43.74546,-79.418,52.76516601933369
43.745555,-79.41787500000001,52.76516601726924
43.745650000000005,-79.41775000000001,52.76516601726924
43.74572500000001,-79.41765500000001,51.709836807340096
43.7458,-79.41756000000001,51.70983680998006
43.745875,-79.417465,51.70983680998006
43.74595,-79.41737,51.709836807340096
43.746035000000006,-79.41728,46.63657703975716
43.746120000000005,-79.41719,46.63657704214802
43.746205,-79.4171,46.63657704214802
43.74629,-79.41701,46.63657704214802
43.74638,-79.41691,48.012787505083026
43.746492,-79.416808,42.324573343119305
43.746604000000005,-79.416706,42.324573343119305
43.746716,-79.416604,42.324573344928844
43.746828,-79.41650200000001,42.324573343119305
43.74694,-79.41640000000001,42.324573343119305
43.747045,-79.41630500000001,42.13759477500502
43.747150000000005,-79.41621,42.13759477307606
43.747255,-79.416115,42.13759477500502
43.74736,-79.41602,42.13759477500502
43.74747000000001,-79.41592,42.27368900535688
43.74754666666667,-79.41584666666667,43.72696998042555
43.74762333333334,-79.41577333333333,43.72696998042555
43.7477,-79.4157,43.72696998042555
43.74778500000001,-79.415625,41.42366562135925
43.747870000000006,-79.41555000000001,41.42366562373538
43.747964,-79.41546600000001,41.78451600948143
43.74805800000001,-79.41538200000001,41.784516007329565
43.748152000000005,-79.415298,41.78451600948143
43.74824600000001,-79.415214,41.784516007329565
43.748340000000006,-79.41513,41.78451600948143
43.74841500000001,-79.415065,40.914383221885025
43.748490000000004,-79.415,40.91438321837188
43.748578,-79.414912,45.00000000231312
43.748666,-79.41482400000001,44.99999999768687
43.748754000000005,-79.414736,45
43.748842,-79.41464800000001,44.99999999768687
43.74893,-79.41456000000001,45.00000000231312
43.74902,-79.41447000000001,45
43.7491125,-79.41436000000002,49.93921553985968
43.749205,-79.41425000000001,49.939215543505824
43.749297500000004,-79.41414,49.939215543505824
43.749390000000005,-79.41403000000001,49.93921553985968
43.749480000000005,-79.41390000000001,55.30484646844035
43.749570000000006,-79.41377,55.30484647137155
43.749660000000006,-79.41364,55.30484646844035
43.749750000000006,-79.413512,54.88798881630942
43.749840000000006,-79.41338400000001,54.88798881331645
43.749930000000006,-79.413256,54.88798881630942
43.750020000000006,-79.41312800000001,54.88798881331645
43.75011000000001,-79.41300000000001,54.88798881630942
43.75018600000001,-79.41288800000001,55.84030545468612
43.750262000000006,-79.41277600000001,55.84030545468612
43.750338000000006,-79.412664,55.84030545468612
43.750414000000006,-79.412552,55.84030545468612
43.750490000000006,-79.41244,55.84030545468612
43.750575000000005,-79.41231250000001,56.30993247254651
43.75066,-79.41218500000001,56.30993247549392
43.750745,-79.4120575,56.30993247549392
43.75083,-79.41193000000001,56.30993247254651
43.75090333333333,-79.41182,56.30993247572838
43.75097666666667,-79.41171000000001,56.30993246974982
43.751050000000006,-79.4116,56.30993247572838
43.75112666666667,-79.41149,55.124671657586866
43.751203333333336,-79.41138000000001,55.124671654114586
43.75128,-79.41127,55.124671657586866
43.7513,-79.41113,81.86989764625115
43.751353333333334,-79.41101,66.0375110244775
43.75140666666667,-79.41089,66.0375110269957
43.75146,-79.41077,66.0375110244775
43.75151,-79.41069,57.99461679008679
43.751560000000005,-79.41061,57.99461679008679
43.751605000000005,-79.41053000000001,60.64224645624229
43.751650000000005,-79.41045000000001,60.64224645624229
43.75169,-79.41037,63.43494882699312
43.75173,-79.41029,63.43494882292201
43.7518,-79.41015,63.43494882292201
43.751870000000004,-79.41001,63.43494882292201
43.75192,-79.40991,63.434948826178896
43.75197,-79.40981000000001,63.434948819665124
43.752030000000005,-79.40969000000001,63.434948820207936
43.75211,-79.40954,61.92751306583747
43.75218,-79.4094,63.43494882292201
43.752245,-79.40925000000001,66.57130719018826
43.75231,-79.40910000000001,66.5713071921686
43.752370000000006,-79.40897000000001,65.22485942918217
43.75242333333334,-79.40884333333334,67.16634582308826
43.75247666666667,-79.40871666666668,67.16634582351932
43.75253,-79.40859,67.16634582308826
43.75258,-79.40845666666667,69.44395478041653
43.75263,-79.40832333333334,69.44395477840887
43.752680000000005,-79.40819,69.44395478041653
43.75274,-79.408055,66.03751102626123
43.7528,-79.40792,66.03751102626123
43.752840000000006,-79.407825,67.1663458195919
43.752880000000005,-79.40773,67.16634582323195
43.752930000000006,-79.40761,67.38013505051421
43.752990000000004,-79.40751,59.03624346972256
43.75305,-79.40740000000001,61.38954033325686
43.753105000000005,-79.40732500000001,53.74616225926068
43.75316,-79.40725,53.74616226796767
43.753225,-79.407175,49.08561678390134
43.75329000000001,-79.4071,49.08561677542846
43.75339,-79.40701,41.987212496941275
43.75348,-79.40693,41.63353933544714
43.753585,-79.40686500000001,31.7594800822767
43.753690000000006,-79.4068,31.75948008614759
43.75379,-79.40675,26.565051178706437
43.75388,-79.40672,18.43494882020794
43.75399,-79.40669,15.255118707755212
43.7541,-79.40666,15.255118700865639
43.754220000000004,-79.406665,-2.3859440310943776
43.754340000000006,-79.40667,-2.3859440310943776
43.75441000000001,-79.40668500000001,-12.094757080586733
43.75448,-79.4067,-12.094757070657199
43.75459666666667,-79.40674666666666,-21.801409483945246
43.754713333333335,-79.40679333333334,-21.801409491164947
43.754830000000005,-79.40684,-21.801409483945246
43.75491000000001,-79.40689,-32.005383207626075
43.75499000000001,-79.40694,-32.005383209913205
43.755100000000006,-79.40704000000001,-42.27368900719902
43.755155,-79.40710000000001,-47.4895529263007
43.755210000000005,-79.40716,-47.489552915854084
43.755275000000005,-79.40724,-50.906141113004175
43.755340000000004,-79.40732000000001,-50.9061411179853
43.75542,-79.40744000000001,-56.309932474020215
43.75549,-79.40756,-59.74356283520511
43.75555000000001,-79.40768000000001,-63.43494882292201
43.755585,-79.40776000000001,-66.37062227041103
43.75562,-79.40784000000001,-66.37062227041103
43.755655000000004,-79.40794,-70.70995377682176
43.75569,-79.40804,-70.70995378298736
43.755743333333335,-79.40819,-70.4268741700717
43.75579666666667,-79.40834,-70.4268741683583
43.75585,-79.40849,-70.4268741700717
43.755880000000005,-79.40858,-71.56505117572097
43.75591,-79.40867,-71.56505117979206
43.75594,-79.40875500000001,-70.55996517307646
43.755970000000005,-79.40884000000001,-70.5599651700701
43.75602000000001,-79.40895,-65.55604521735273
43.75607,-79.40906000000001,-65.55604522320843
43.756150000000005,-79.40920000000001,-60.25511870211828
43.75623,-79.40929000000001,-48.36646066455287
43.75632,-79.40937000000001,-41.63353933544714
43.756420000000006,-79.40943,-30.963756527283984
43.7565,-79.40946500000001,-23.629377738131645
43.75658000000001,-79.40950000000001,-23.62937772772028
43.7567,-79.40954,-18.43494882292201
43.75682333333334,-79.40959666666667,-24.676863169747755
43.75694666666667,-79.40965333333334,-24.676863169747755
43.757070000000006,-79.40971,-24.676863169747755
43.75719000000001,-79.40974333333334,-15.524110996929235
43.757310000000004,-79.40977666666667,-15.524110997804113
43.75743000000001,-79.40981000000001,-15.524110996929235
43.757560000000005,-79.40984166666668,-13.690049619815325
43.757690000000004,-79.40987333333334,-13.690049613902898
43.75782000000001,-79.40990500000001,-13.690049619095221
43.75795000000001,-79.40993666666668,-13.690049619815325
43.75808000000001,-79.40996833333334,-13.690049613902898
43.758210000000005,-79.41000000000001,-13.690049619815325
43.75831666666667,-79.41003,-15.70863782658413
43.75842333333333,-79.41006000000002,-15.708637834652668
43.75853,-79.41009000000001,-15.70863782658413
43.758615000000006,-79.41011500000002,-16.38954033792438
43.758700000000005,-79.41014000000001,-16.389540330404493
43.75882,-79.41018000000001,-18.43494882292201
43.75894,-79.41021,-14.036243465531708
43.759060000000005,-79.41024,-14.036243465531708
43.75918,-79.41027,-14.036243466329966
43.7593,-79.4103,-14.036243471917762
43.75943,-79.410335,-15.068488158369146
43.75956,-79.41037,-15.068488158369146
43.75965,-79.41039,-12.528807712983145
43.75974,-79.41041,-12.52880770436197
43.75983,-79.41043,-12.528807712983145
43.75996000000001,-79.41046,-12.994616789400649
43.76008,-79.41047,-4.763641692410776
43.760180000000005,-79.4105,-16.69924423100565
43.76028,-79.41053000000001,-16.69924423959607
43.760380000000005,-79.41056,-16.69924423100565
43.7605,-79.4106,-18.43494882292201
43.76062,-79.41063500000001,-16.260204712871598
43.760740000000006,-79.41067000000001,-16.260204706618378
43.760825000000004,-79.41069000000002,-13.240519919458535
43.76091,-79.41071000000001,-13.24051991038196
43.761010000000006,-79.41074,-16.69924423100565
43.761122500000006,-79.4107675,-13.7362683063814
43.761235000000006,-79.41079500000001,-13.7362683063814
43.76134750000001,-79.41082250000001,-13.7362683063814
43.76146000000001,-79.41085000000001,-13.7362683063814
43.761590000000005,-79.41085000000001,0
43.76156,-79.41101,-100.61965527738417
43.76153,-79.41114,-102.99461679306009
43.761505,-79.41128,-100.12467165559912
43.761480000000006,-79.41142,-100.12467165278105
43.76145,-79.41154,-104.036243469523
43.76142,-79.41166000000001,-104.0362434679265
43.761390000000006,-79.4117975,-102.30801581609188
43.76136,-79.411935,-102.30801581891815
43.76133,-79.41207250000001,-102.30801581768486
43.761300000000006,-79.41221,-102.30801581609188
43.761275000000005,-79.41232500000001,-102.2647737274515
43.761250000000004,-79.41244,-102.2647737289212
43.7612,-79.41260000000001,-107.35402463597157
43.76118,-79.41269000000001,-102.52880770867256
43.761160000000004,-79.41278000000001,-102.52880770867256
43.76113,-79.41290000000001,-104.036243469523
43.7611,-79.41302000000002,-104.0362434679265
43.761070000000004,-79.41314000000001,-104.03624346632996
43.76103500000001,-79.41331500000001,-101.30993247312547
43.761,-79.41349000000001,-101.30993247536234
43.760965,-79.41366500000001,-101.30993247536234
43.76093,-79.41384000000001,-101.30993247312547
43.76089666666667,-79.41396666666667,-104.74356283773636
43.76086333333334,-79.41409333333334,-104.74356283314846
43.760830000000006,-79.41422,-104.74356283773636
43.7608,-79.41434000000001,-104.0362434679265
43.760762500000006,-79.41447250000002,-105.80251395227167
43.76072500000001,-79.41460500000001,-105.80251395388187
43.7606875,-79.4147375,-105.80251395672654
43.760650000000005,-79.41487000000001,-105.80251395227167
43.76062,-79.41498000000001,-105.25511870337095
43.76059,-79.41509,-105.25511870524991